NACA 3306                                       
 Alfa =   0.00000 Re =        0.000 Xflap,Yflap =     0.000000    0.000000
#    x        y        Cp  
   1.00000  0.00063  0.25522
   0.99557  0.00132  0.13315
   0.98657  0.00270  0.08415
   0.97611  0.00429  0.04809
   0.96533  0.00591  0.02426
   0.95449  0.00751  0.00112
   0.94363  0.00909 -0.01517
   0.93278  0.01064 -0.03176
   0.92192  0.01218 -0.04573
   0.91106  0.01369 -0.05841
   0.90019  0.01517 -0.07102
   0.88932  0.01664 -0.08138
   0.87844  0.01808 -0.09236
   0.86757  0.01950 -0.10163
   0.85669  0.02089 -0.11119
   0.84581  0.02227 -0.12065
   0.83492  0.02362 -0.12838
   0.82403  0.02495 -0.13657
   0.81314  0.02626 -0.14505
   0.80224  0.02755 -0.15284
   0.79135  0.02881 -0.16014
   0.78045  0.03005 -0.16701
   0.76955  0.03127 -0.17435
   0.75864  0.03247 -0.18112
   0.74774  0.03365 -0.18772
   0.73683  0.03480 -0.19402
   0.72592  0.03593 -0.20124
   0.71500  0.03704 -0.20744
   0.70409  0.03812 -0.21314
   0.69317  0.03919 -0.21963
   0.68225  0.04023 -0.22521
   0.67133  0.04124 -0.23172
   0.66041  0.04224 -0.23715
   0.64949  0.04321 -0.24358
   0.63856  0.04415 -0.24873
   0.62764  0.04508 -0.25430
   0.61671  0.04598 -0.26033
   0.60578  0.04685 -0.26605
   0.59485  0.04770 -0.27136
   0.58392  0.04853 -0.27688
   0.57299  0.04933 -0.28251
   0.56205  0.05011 -0.28789
   0.55112  0.05086 -0.29385
   0.54018  0.05159 -0.29918
   0.52925  0.05228 -0.30443
   0.51831  0.05296 -0.31044
   0.50738  0.05360 -0.31539
   0.49644  0.05422 -0.32187
   0.48551  0.05481 -0.32639
   0.47457  0.05537 -0.33281
   0.46363  0.05590 -0.33841
   0.45270  0.05641 -0.34444
   0.44176  0.05688 -0.34975
   0.43083  0.05732 -0.35646
   0.41989  0.05774 -0.36201
   0.40896  0.05812 -0.36910
   0.39803  0.05846 -0.37486
   0.38709  0.05878 -0.38265
   0.37616  0.05906 -0.38880
   0.36524  0.05931 -0.39663
   0.35431  0.05952 -0.40518
   0.34338  0.05969 -0.41284
   0.33246  0.05983 -0.42349
   0.32154  0.05993 -0.43427
   0.31063  0.05999 -0.44697
   0.29976  0.06001 -0.46845
   0.28901  0.05996 -0.48975
   0.27829  0.05980 -0.50121
   0.26759  0.05954 -0.50963
   0.25689  0.05917 -0.51547
   0.24620  0.05869 -0.52010
   0.23552  0.05811 -0.52199
   0.22485  0.05741 -0.52256
   0.21420  0.05661 -0.52143
   0.20356  0.05569 -0.51865
   0.19294  0.05465 -0.51426
   0.18233  0.05350 -0.50824
   0.17175  0.05223 -0.50065
   0.16120  0.05084 -0.49147
   0.15067  0.04933 -0.48035
   0.14018  0.04769 -0.46717
   0.12972  0.04591 -0.45297
   0.11930  0.04401 -0.43566
   0.10893  0.04196 -0.41677
   0.09861  0.03978 -0.39519
   0.08837  0.03744 -0.37042
   0.07820  0.03495 -0.34311
   0.06813  0.03229 -0.31114
   0.05819  0.02946 -0.27468
   0.04842  0.02644 -0.23201
   0.03891  0.02322 -0.18087
   0.02981  0.01982 -0.11804
   0.02147  0.01633 -0.03846
   0.01454  0.01301  0.06073
   0.00948  0.01017  0.17764
   0.00605  0.00789  0.31013
   0.00372  0.00603  0.45745
   0.00212  0.00444  0.62409
   0.00102  0.00302  0.80334
   0.00034  0.00169  0.95956
   0.00002  0.00043  0.98392
   0.00007 -0.00075  0.74270
   0.00054 -0.00195  0.25920
   0.00147 -0.00307 -0.13690
   0.00285 -0.00408 -0.32852
   0.00473 -0.00501 -0.39480
   0.00730 -0.00589 -0.39964
   0.01090 -0.00673 -0.37098
   0.01610 -0.00753 -0.32197
   0.02335 -0.00818 -0.26551
   0.03233 -0.00857 -0.21075
   0.04227 -0.00867 -0.16401
   0.05266 -0.00856 -0.12515
   0.06327 -0.00829 -0.09288
   0.07402 -0.00791 -0.06530
   0.08485 -0.00746 -0.04151
   0.09576 -0.00695 -0.02061
   0.10671 -0.00641 -0.00264
   0.11770 -0.00586  0.01376
   0.12871 -0.00530  0.02800
   0.13970 -0.00474  0.04086
   0.15068 -0.00419  0.05236
   0.16165 -0.00366  0.06222
   0.17260 -0.00316  0.07124
   0.18354 -0.00268  0.07927
   0.19447 -0.00223  0.08589
   0.20540 -0.00182  0.09219
   0.21631 -0.00144  0.09701
   0.22722 -0.00111  0.10124
   0.23813 -0.00081  0.10413
   0.24903 -0.00056  0.10638
   0.25992 -0.00035  0.10758
   0.27081 -0.00019  0.10735
   0.28170 -0.00008  0.10542
   0.29259 -0.00002  0.10120
   0.30352 -0.00001  0.09034
   0.31450  0.00000  0.08357
   0.32550  0.00002  0.07968
   0.33651  0.00005  0.07752
   0.34753  0.00009  0.07567
   0.35854  0.00014  0.07476
   0.36956  0.00020  0.07379
   0.38058  0.00026  0.07319
   0.39160  0.00032  0.07369
   0.40263  0.00039  0.07325
   0.41366  0.00046  0.07395
   0.42469  0.00054  0.07417
   0.43572  0.00062  0.07436
   0.44675  0.00070  0.07536
   0.45779  0.00078  0.07583
   0.46882  0.00086  0.07637
   0.47986  0.00094  0.07704
   0.49089  0.00102  0.07825
   0.50193  0.00109  0.07869
   0.51296  0.00117  0.07957
   0.52399  0.00125  0.08013
   0.53502  0.00132  0.08140
   0.54605  0.00139  0.08196
   0.55707  0.00145  0.08292
   0.56810  0.00152  0.08383
   0.57913  0.00157  0.08450
   0.59015  0.00163  0.08505
   0.60117  0.00168  0.08632
   0.61220  0.00172  0.08678
   0.62322  0.00176  0.08747
   0.63424  0.00180  0.08850
   0.64526  0.00183  0.08889
   0.65628  0.00185  0.08965
   0.66730  0.00187  0.09021
   0.67832  0.00188  0.09114
   0.68934  0.00189  0.09161
   0.70036  0.00188  0.09244
   0.71138  0.00188  0.09264
   0.72239  0.00186  0.09355
   0.73341  0.00184  0.09369
   0.74443  0.00182  0.09463
   0.75545  0.00178  0.09507
   0.76646  0.00174  0.09555
   0.77748  0.00170  0.09654
   0.78850  0.00164  0.09623
   0.79951  0.00158  0.09709
   0.81053  0.00151  0.09797
   0.82155  0.00144  0.09825
   0.83256  0.00136  0.09859
   0.84358  0.00127  0.09998
   0.85460  0.00118  0.10024
   0.86562  0.00108  0.10095
   0.87664  0.00097  0.10173
   0.88765  0.00086  0.10359
   0.89867  0.00074  0.10358
   0.90969  0.00061  0.10604
   0.92071  0.00048  0.10785
   0.93173  0.00034  0.10976
   0.94275  0.00020  0.11239
   0.95377  0.00005  0.11695
   0.96478 -0.00011  0.12219
   0.97574 -0.00026  0.12919
   0.98637 -0.00042  0.14309
   0.99551 -0.00056  0.16947
   1.00000 -0.00063  0.25522
