NACA 2405                                       
 Alfa =   0.00000 Re =        0.000 Xflap,Yflap =     0.000000    0.000000
#    x        y        Cp  
   1.00000  0.00053  0.22377
   0.99791  0.00079  0.14309
   0.99392  0.00128  0.10314
   0.98915  0.00187  0.08174
   0.98403  0.00250  0.06044
   0.97879  0.00314  0.04301
   0.97352  0.00377  0.03787
   0.96824  0.00441  0.02248
   0.96295  0.00504  0.01344
   0.95767  0.00566  0.00500
   0.95238  0.00628 -0.00267
   0.94709  0.00689 -0.00970
   0.94181  0.00750 -0.01421
   0.93652  0.00810 -0.02394
   0.93123  0.00870 -0.02908
   0.92594  0.00930 -0.03590
   0.92065  0.00989 -0.03995
   0.91536  0.01047 -0.04406
   0.91007  0.01105 -0.05255
   0.90477  0.01163 -0.05320
   0.89948  0.01220 -0.05958
   0.89419  0.01276 -0.06640
   0.88889  0.01333 -0.06566
   0.88360  0.01388 -0.07400
   0.87831  0.01443 -0.07783
   0.87301  0.01498 -0.07923
   0.86771  0.01552 -0.08620
   0.86242  0.01606 -0.08557
   0.85712  0.01659 -0.09394
   0.85182  0.01712 -0.09487
   0.84653  0.01765 -0.09795
   0.84123  0.01816 -0.10300
   0.83593  0.01868 -0.10475
   0.83063  0.01919 -0.11067
   0.82533  0.01969 -0.10982
   0.82003  0.02019 -0.11602
   0.81473  0.02069 -0.11826
   0.80943  0.02118 -0.12191
   0.80413  0.02167 -0.12360
   0.79883  0.02215 -0.12429
   0.79352  0.02262 -0.13301
   0.78822  0.02310 -0.13102
   0.78292  0.02356 -0.13586
   0.77761  0.02403 -0.13908
   0.77231  0.02449 -0.13943
   0.76701  0.02494 -0.14335
   0.76170  0.02539 -0.14434
   0.75640  0.02583 -0.14913
   0.75109  0.02627 -0.15295
   0.74579  0.02671 -0.15338
   0.74048  0.02714 -0.15473
   0.73517  0.02756 -0.15928
   0.72987  0.02798 -0.16032
   0.72456  0.02840 -0.16307
   0.71925  0.02881 -0.16606
   0.71394  0.02922 -0.16700
   0.70864  0.02962 -0.17175
   0.70333  0.03002 -0.17099
   0.69802  0.03041 -0.17530
   0.69271  0.03080 -0.17765
   0.68740  0.03118 -0.17854
   0.68209  0.03156 -0.18125
   0.67678  0.03194 -0.18368
   0.67147  0.03230 -0.18588
   0.66616  0.03267 -0.18715
   0.66085  0.03303 -0.19175
   0.65554  0.03338 -0.19101
   0.65023  0.03373 -0.19453
   0.64492  0.03408 -0.19551
   0.63960  0.03442 -0.19989
   0.63429  0.03475 -0.20089
   0.62898  0.03508 -0.20211
   0.62367  0.03541 -0.20283
   0.61835  0.03573 -0.20766
   0.61304  0.03604 -0.20861
   0.60773  0.03635 -0.21026
   0.60242  0.03665 -0.21230
   0.59710  0.03695 -0.21515
   0.59179  0.03725 -0.21570
   0.58648  0.03754 -0.21968
   0.58116  0.03782 -0.21941
   0.57585  0.03810 -0.22285
   0.57053  0.03838 -0.22515
   0.56522  0.03864 -0.22546
   0.55990  0.03891 -0.22844
   0.55459  0.03917 -0.22943
   0.54927  0.03942 -0.23149
   0.54396  0.03967 -0.23510
   0.53865  0.03991 -0.23554
   0.53333  0.04015 -0.23789
   0.52802  0.04038 -0.23814
   0.52270  0.04060 -0.24208
   0.51738  0.04082 -0.24413
   0.51207  0.04104 -0.24494
   0.50675  0.04125 -0.24721
   0.50144  0.04145 -0.24956
   0.49612  0.04165 -0.25105
   0.49081  0.04184 -0.25421
   0.48549  0.04202 -0.25366
   0.48018  0.04220 -0.25826
   0.47486  0.04238 -0.25797
   0.46955  0.04255 -0.26126
   0.46423  0.04271 -0.26413
   0.45892  0.04287 -0.26308
   0.45360  0.04302 -0.26740
   0.44828  0.04316 -0.26966
   0.44297  0.04330 -0.27100
   0.43765  0.04343 -0.27413
   0.43234  0.04356 -0.27635
   0.42702  0.04367 -0.27732
   0.42171  0.04379 -0.27932
   0.41640  0.04389 -0.28424
   0.41108  0.04399 -0.28492
   0.40577  0.04409 -0.28857
   0.40046  0.04417 -0.29308
   0.39515  0.04425 -0.29545
   0.38986  0.04432 -0.29909
   0.38456  0.04437 -0.30150
   0.37926  0.04442 -0.30490
   0.37397  0.04445 -0.30619
   0.36867  0.04448 -0.30788
   0.36337  0.04449 -0.31089
   0.35808  0.04449 -0.31046
   0.35278  0.04448 -0.31465
   0.34749  0.04446 -0.31494
   0.34220  0.04443 -0.31587
   0.33690  0.04439 -0.31900
   0.33161  0.04433 -0.31782
   0.32632  0.04426 -0.32083
   0.32102  0.04419 -0.32109
   0.31573  0.04410 -0.32244
   0.31044  0.04399 -0.32230
   0.30515  0.04388 -0.32405
   0.29986  0.04375 -0.32470
   0.29457  0.04362 -0.32528
   0.28929  0.04346 -0.32606
   0.28400  0.04330 -0.32507
   0.27871  0.04313 -0.32791
   0.27343  0.04294 -0.32660
   0.26814  0.04273 -0.32660
   0.26286  0.04252 -0.32767
   0.25758  0.04229 -0.32732
   0.25230  0.04205 -0.32725
   0.24702  0.04180 -0.32711
   0.24174  0.04153 -0.32659
   0.23647  0.04125 -0.32719
   0.23119  0.04095 -0.32649
   0.22592  0.04064 -0.32464
   0.22065  0.04032 -0.32522
   0.21538  0.03998 -0.32455
   0.21012  0.03963 -0.32434
   0.20485  0.03926 -0.32222
   0.19959  0.03888 -0.32154
   0.19433  0.03848 -0.32112
   0.18907  0.03806 -0.32003
   0.18381  0.03763 -0.31762
   0.17856  0.03719 -0.31678
   0.17331  0.03672 -0.31510
   0.16806  0.03624 -0.31345
   0.16282  0.03575 -0.31128
   0.15758  0.03523 -0.30950
   0.15234  0.03470 -0.30730
   0.14711  0.03415 -0.30543
   0.14188  0.03358 -0.30274
   0.13665  0.03300 -0.30004
   0.13144  0.03239 -0.29790
   0.12622  0.03176 -0.29427
   0.12101  0.03111 -0.29148
   0.11581  0.03044 -0.28915
   0.11061  0.02975 -0.28324
   0.10543  0.02904 -0.28137
   0.10025  0.02830 -0.27551
   0.09507  0.02753 -0.27261
   0.08991  0.02674 -0.26760
   0.08476  0.02593 -0.26259
   0.07962  0.02508 -0.25722
   0.07450  0.02421 -0.25101
   0.06939  0.02330 -0.24515
   0.06430  0.02236 -0.23804
   0.05923  0.02139 -0.23127
   0.05419  0.02038 -0.22183
   0.04918  0.01932 -0.21345
   0.04420  0.01822 -0.20358
   0.03928  0.01708 -0.19043
   0.03441  0.01588 -0.17796
   0.02963  0.01462 -0.16194
   0.02497  0.01331 -0.14287
   0.02050  0.01194 -0.11885
   0.01632  0.01054 -0.09016
   0.01262  0.00917 -0.05198
   0.00954  0.00788 -0.00656
   0.00712  0.00674  0.04925
   0.00527  0.00575  0.11236
   0.00386  0.00487  0.18999
   0.00276  0.00409  0.28037
   0.00191  0.00337  0.38483
   0.00124  0.00270  0.50759
   0.00073  0.00205  0.65969
   0.00036  0.00142  0.80795
   0.00012  0.00081  0.94136
   0.00001  0.00022  0.99983
   0.00002 -0.00035  0.94858
   0.00017 -0.00094  0.77829
   0.00046 -0.00153  0.54760
   0.00090 -0.00210  0.33306
   0.00148 -0.00266  0.15688
   0.00223 -0.00321  0.03969
   0.00316 -0.00376 -0.04299
   0.00433 -0.00431 -0.10391
   0.00580 -0.00489 -0.13663
   0.00770 -0.00550 -0.16215
   0.01017 -0.00615 -0.17355
   0.01330 -0.00682 -0.17737
   0.01711 -0.00747 -0.17394
   0.02143 -0.00807 -0.16831
   0.02608 -0.00858 -0.15972
   0.03092 -0.00902 -0.15217
   0.03589 -0.00939 -0.14294
   0.04093 -0.00970 -0.13478
   0.04603 -0.00996 -0.12836
   0.05117 -0.01017 -0.12022
   0.05634 -0.01034 -0.11249
   0.06154 -0.01048 -0.10703
   0.06676 -0.01059 -0.10112
   0.07199 -0.01067 -0.09451
   0.07723 -0.01072 -0.08827
   0.08249 -0.01076 -0.08444
   0.08776 -0.01078 -0.07782
   0.09303 -0.01078 -0.07345
   0.09831 -0.01077 -0.06874
   0.10360 -0.01074 -0.06400
   0.10889 -0.01070 -0.05942
   0.11419 -0.01065 -0.05564
   0.11949 -0.01059 -0.05078
   0.12479 -0.01052 -0.04764
   0.13010 -0.01044 -0.04326
   0.13541 -0.01036 -0.03993
   0.14073 -0.01026 -0.03567
   0.14604 -0.01016 -0.03331
   0.15136 -0.01006 -0.02840
   0.15668 -0.00995 -0.02649
   0.16201 -0.00983 -0.02226
   0.16733 -0.00971 -0.02001
   0.17266 -0.00959 -0.01632
   0.17799 -0.00946 -0.01384
   0.18332 -0.00933 -0.01132
   0.18865 -0.00920 -0.00744
   0.19398 -0.00906 -0.00533
   0.19932 -0.00892 -0.00310
   0.20465 -0.00879  0.00012
   0.20999 -0.00864  0.00281
   0.21532 -0.00850  0.00384
   0.22066 -0.00836  0.00811
   0.22600 -0.00822  0.00829
   0.23134 -0.00807  0.01243
   0.23668 -0.00793  0.01269
   0.24202 -0.00778  0.01682
   0.24736 -0.00764  0.01739
   0.25270 -0.00749  0.02056
   0.25804 -0.00735  0.02101
   0.26338 -0.00721  0.02413
   0.26872 -0.00707  0.02557
   0.27406 -0.00692  0.02706
   0.27939 -0.00678  0.02940
   0.28473 -0.00665  0.03060
   0.29007 -0.00651  0.03272
   0.29540 -0.00637  0.03267
   0.30074 -0.00624  0.03604
   0.30607 -0.00611  0.03694
   0.31141 -0.00598  0.03783
   0.31674 -0.00585  0.03884
   0.32207 -0.00572  0.04087
   0.32740 -0.00560  0.04175
   0.33274 -0.00548  0.04224
   0.33807 -0.00536  0.04562
   0.34340 -0.00524  0.04443
   0.34873 -0.00513  0.04626
   0.35406 -0.00501  0.04439
   0.35939 -0.00491  0.04951
   0.36472 -0.00480  0.04690
   0.37005 -0.00470  0.04891
   0.37538 -0.00460  0.04927
   0.38071 -0.00450  0.04931
   0.38604 -0.00441  0.04985
   0.39137 -0.00432  0.05058
   0.39670 -0.00423  0.04848
   0.40203 -0.00415  0.04896
   0.40737 -0.00406  0.04790
   0.41271 -0.00398  0.04802
   0.41806 -0.00390  0.04760
   0.42340 -0.00381  0.04744
   0.42874 -0.00373  0.04806
   0.43408 -0.00364  0.04915
   0.43943 -0.00356  0.04840
   0.44477 -0.00347  0.04927
   0.45011 -0.00339  0.04881
   0.45545 -0.00331  0.04935
   0.46080 -0.00322  0.05215
   0.46614 -0.00314  0.04966
   0.47148 -0.00305  0.05222
   0.47682 -0.00297  0.05190
   0.48216 -0.00289  0.05178
   0.48751 -0.00281  0.05348
   0.49285 -0.00272  0.05264
   0.49819 -0.00264  0.05365
   0.50353 -0.00256  0.05466
   0.50887 -0.00248  0.05566
   0.51421 -0.00240  0.05521
   0.51955 -0.00232  0.05540
   0.52489 -0.00224  0.05736
   0.53023 -0.00217  0.05719
   0.53557 -0.00209  0.05745
   0.54091 -0.00201  0.05835
   0.54625 -0.00194  0.05879
   0.55159 -0.00186  0.05926
   0.55693 -0.00179  0.06034
   0.56227 -0.00172  0.05995
   0.56760 -0.00165  0.06149
   0.57294 -0.00158  0.06056
   0.57828 -0.00151  0.06225
   0.58362 -0.00144  0.06276
   0.58896 -0.00137  0.06351
   0.59430 -0.00131  0.06128
   0.59964 -0.00124  0.06704
   0.60497 -0.00118  0.06246
   0.61031 -0.00111  0.06609
   0.61565 -0.00105  0.06395
   0.62099 -0.00099  0.06688
   0.62633 -0.00094  0.06521
   0.63166 -0.00088  0.06702
   0.63700 -0.00082  0.06684
   0.64234 -0.00077  0.06802
   0.64768 -0.00071  0.06808
   0.65302 -0.00066  0.06695
   0.65835 -0.00061  0.06959
   0.66369 -0.00056  0.06893
   0.66903 -0.00051  0.07050
   0.67436 -0.00047  0.06906
   0.67970 -0.00042  0.07182
   0.68504 -0.00038  0.06991
   0.69038 -0.00034  0.07140
   0.69571 -0.00030  0.07185
   0.70105 -0.00026  0.07212
   0.70639 -0.00022  0.07242
   0.71173 -0.00019  0.07334
   0.71706 -0.00015  0.07261
   0.72240 -0.00012  0.07458
   0.72774 -0.00009  0.07193
   0.73307 -0.00006  0.07569
   0.73841 -0.00003  0.07350
   0.74375 -0.00000  0.07434
   0.74908  0.00002  0.07591
   0.75442  0.00005  0.07569
   0.75976  0.00007  0.07639
   0.76510  0.00009  0.07337
   0.77043  0.00011  0.08008
   0.77577  0.00012  0.07482
   0.78111  0.00014  0.07717
   0.78644  0.00015  0.07701
   0.79178  0.00017  0.07912
   0.79712  0.00018  0.07686
   0.80245  0.00019  0.07775
   0.80779  0.00019  0.08046
   0.81313  0.00020  0.07743
   0.81847  0.00020  0.08165
   0.82380  0.00021  0.07914
   0.82914  0.00021  0.07949
   0.83448  0.00021  0.07920
   0.83981  0.00021  0.08157
   0.84515  0.00020  0.08033
   0.85049  0.00020  0.08286
   0.85582  0.00019  0.08000
   0.86116  0.00018  0.08289
   0.86650  0.00017  0.08167
   0.87184  0.00016  0.08509
   0.87717  0.00015  0.08236
   0.88251  0.00014  0.08451
   0.88785  0.00012  0.08422
   0.89319  0.00010  0.08460
   0.89852  0.00008  0.08688
   0.90386  0.00006  0.08497
   0.90920  0.00004  0.08783
   0.91454  0.00002  0.08678
   0.91987 -0.00000  0.09073
   0.92521 -0.00003  0.08608
   0.93055 -0.00006  0.09317
   0.93589 -0.00008  0.09135
   0.94123 -0.00011  0.09242
   0.94656 -0.00015  0.09431
   0.95190 -0.00018  0.09694
   0.95724 -0.00021  0.09652
   0.96258 -0.00025  0.10035
   0.96792 -0.00028  0.10130
   0.97325 -0.00032  0.10784
   0.97858 -0.00036  0.10923
   0.98387 -0.00040  0.11580
   0.98905 -0.00044  0.12603
   0.99386 -0.00048  0.13451
   0.99789 -0.00051  0.15987
   1.00000 -0.00053  0.22377
