NACA 0005                                       
 Alfa =   0.00000 Re =        0.000 Xflap,Yflap =     0.000000    0.000000
#    x        y        Cp  
   1.00000  0.00053  0.22446
   0.99789  0.00065  0.15089
   0.99388  0.00088  0.12258
   0.98908  0.00116  0.09865
   0.98393  0.00146  0.08701
   0.97866  0.00176  0.07481
   0.97335  0.00206  0.07019
   0.96804  0.00236  0.06279
   0.96272  0.00266  0.05686
   0.95740  0.00295  0.05099
   0.95208  0.00325  0.04705
   0.94676  0.00354  0.03858
   0.94144  0.00383  0.03871
   0.93612  0.00412  0.03265
   0.93080  0.00440  0.02903
   0.92548  0.00469  0.02660
   0.92016  0.00497  0.02481
   0.91484  0.00526  0.02012
   0.90952  0.00554  0.01827
   0.90420  0.00581  0.01496
   0.89888  0.00609  0.01408
   0.89356  0.00637  0.00935
   0.88824  0.00664  0.01039
   0.88292  0.00691  0.00471
   0.87760  0.00718  0.00597
   0.87228  0.00745  0.00055
   0.86695  0.00771 -0.00004
   0.86163  0.00798 -0.00288
   0.85631  0.00824 -0.00314
   0.85099  0.00850 -0.00601
   0.84567  0.00876 -0.00924
   0.84034  0.00902 -0.00830
   0.83502  0.00928 -0.01119
   0.82970  0.00953 -0.01163
   0.82438  0.00979 -0.01610
   0.81905  0.01004 -0.01677
   0.81373  0.01029 -0.01576
   0.80841  0.01054 -0.02016
   0.80309  0.01079 -0.02136
   0.79776  0.01103 -0.02185
   0.79244  0.01128 -0.02436
   0.78712  0.01152 -0.02455
   0.78179  0.01176 -0.02550
   0.77647  0.01200 -0.02988
   0.77115  0.01224 -0.02683
   0.76582  0.01247 -0.03125
   0.76050  0.01271 -0.03162
   0.75518  0.01294 -0.03452
   0.74985  0.01317 -0.03396
   0.74453  0.01340 -0.03590
   0.73921  0.01363 -0.03832
   0.73388  0.01386 -0.03800
   0.72856  0.01409 -0.03991
   0.72324  0.01431 -0.04174
   0.71791  0.01453 -0.04077
   0.71259  0.01475 -0.04487
   0.70727  0.01497 -0.04501
   0.70194  0.01519 -0.04522
   0.69662  0.01540 -0.04795
   0.69129  0.01562 -0.04848
   0.68597  0.01583 -0.05032
   0.68065  0.01604 -0.05004
   0.67532  0.01625 -0.05260
   0.67000  0.01646 -0.05282
   0.66467  0.01666 -0.05496
   0.65935  0.01687 -0.05480
   0.65403  0.01707 -0.05824
   0.64870  0.01727 -0.05800
   0.64338  0.01747 -0.05918
   0.63805  0.01766 -0.05999
   0.63273  0.01786 -0.06109
   0.62741  0.01805 -0.06320
   0.62208  0.01824 -0.06335
   0.61676  0.01843 -0.06620
   0.61144  0.01862 -0.06483
   0.60611  0.01880 -0.06882
   0.60079  0.01899 -0.06809
   0.59546  0.01917 -0.07004
   0.59014  0.01935 -0.06988
   0.58482  0.01953 -0.07360
   0.57949  0.01970 -0.07119
   0.57417  0.01987 -0.07420
   0.56885  0.02005 -0.07695
   0.56352  0.02022 -0.07576
   0.55820  0.02038 -0.07758
   0.55288  0.02055 -0.07927
   0.54755  0.02071 -0.07975
   0.54223  0.02087 -0.08070
   0.53691  0.02103 -0.08259
   0.53158  0.02118 -0.08274
   0.52626  0.02134 -0.08589
   0.52094  0.02149 -0.08512
   0.51562  0.02164 -0.08788
   0.51029  0.02178 -0.08752
   0.50497  0.02193 -0.08827
   0.49965  0.02207 -0.09032
   0.49433  0.02221 -0.09254
   0.48900  0.02234 -0.09190
   0.48368  0.02248 -0.09433
   0.47836  0.02261 -0.09515
   0.47304  0.02273 -0.09563
   0.46772  0.02286 -0.09827
   0.46240  0.02298 -0.09785
   0.45707  0.02310 -0.09968
   0.45175  0.02322 -0.10128
   0.44643  0.02333 -0.10200
   0.44111  0.02344 -0.10270
   0.43579  0.02355 -0.10431
   0.43047  0.02365 -0.10594
   0.42515  0.02375 -0.10660
   0.41983  0.02385 -0.10758
   0.41451  0.02394 -0.10888
   0.40919  0.02403 -0.11083
   0.40387  0.02412 -0.11088
   0.39855  0.02420 -0.11258
   0.39323  0.02428 -0.11467
   0.38791  0.02436 -0.11428
   0.38260  0.02443 -0.11647
   0.37728  0.02450 -0.11677
   0.37196  0.02456 -0.11924
   0.36664  0.02462 -0.11820
   0.36132  0.02468 -0.12195
   0.35601  0.02473 -0.12169
   0.35069  0.02478 -0.12371
   0.34538  0.02482 -0.12396
   0.34006  0.02486 -0.12535
   0.33474  0.02490 -0.12667
   0.32943  0.02493 -0.12815
   0.32411  0.02495 -0.13037
   0.31880  0.02497 -0.12859
   0.31349  0.02499 -0.13213
   0.30817  0.02500 -0.13208
   0.30286  0.02501 -0.13404
   0.29755  0.02501 -0.13475
   0.29224  0.02500 -0.13559
   0.28692  0.02499 -0.13698
   0.28161  0.02498 -0.13953
   0.27630  0.02495 -0.13915
   0.27099  0.02493 -0.14040
   0.26569  0.02489 -0.14181
   0.26038  0.02485 -0.14379
   0.25507  0.02481 -0.14314
   0.24976  0.02475 -0.14584
   0.24446  0.02469 -0.14612
   0.23915  0.02463 -0.14698
   0.23385  0.02455 -0.14852
   0.22855  0.02447 -0.15054
   0.22324  0.02439 -0.15018
   0.21794  0.02429 -0.15224
   0.21264  0.02419 -0.15218
   0.20734  0.02407 -0.15378
   0.20205  0.02396 -0.15647
   0.19675  0.02383 -0.15478
   0.19146  0.02369 -0.15796
   0.18616  0.02354 -0.15835
   0.18087  0.02339 -0.15901
   0.17558  0.02322 -0.16039
   0.17030  0.02305 -0.16073
   0.16501  0.02286 -0.16192
   0.15973  0.02266 -0.16346
   0.15445  0.02246 -0.16371
   0.14917  0.02224 -0.16520
   0.14389  0.02200 -0.16653
   0.13862  0.02176 -0.16589
   0.13335  0.02150 -0.16805
   0.12808  0.02123 -0.16777
   0.12282  0.02094 -0.16975
   0.11757  0.02064 -0.16954
   0.11231  0.02033 -0.17131
   0.10707  0.01999 -0.17063
   0.10182  0.01964 -0.17268
   0.09659  0.01927 -0.17216
   0.09136  0.01888 -0.17285
   0.08615  0.01846 -0.17361
   0.08094  0.01803 -0.17358
   0.07574  0.01757 -0.17441
   0.07056  0.01708 -0.17444
   0.06539  0.01656 -0.17397
   0.06024  0.01602 -0.17427
   0.05511  0.01543 -0.17334
   0.05002  0.01481 -0.17279
   0.04495  0.01415 -0.17127
   0.03993  0.01344 -0.17018
   0.03498  0.01268 -0.16726
   0.03010  0.01185 -0.16312
   0.02535  0.01096 -0.15832
   0.02080  0.01001 -0.14990
   0.01657  0.00901 -0.13610
   0.01284  0.00799 -0.12026
   0.00977  0.00702 -0.09101
   0.00735  0.00613 -0.05712
   0.00550  0.00533 -0.00945
   0.00407  0.00460  0.05067
   0.00294  0.00393  0.12764
   0.00205  0.00330  0.22853
   0.00135  0.00269  0.35252
   0.00080  0.00208  0.51663
   0.00040  0.00148  0.69766
   0.00014  0.00087  0.87825
   0.00001  0.00028  0.98512
   0.00001 -0.00028  0.98586
   0.00014 -0.00087  0.87575
   0.00040 -0.00148  0.70227
   0.00080 -0.00208  0.51318
   0.00135 -0.00269  0.35581
   0.00205 -0.00330  0.22696
   0.00294 -0.00393  0.12876
   0.00407 -0.00460  0.05102
   0.00550 -0.00533 -0.01066
   0.00736 -0.00613 -0.05661
   0.00977 -0.00702 -0.09154
   0.01284 -0.00799 -0.11782
   0.01657 -0.00901 -0.13735
   0.02080 -0.01001 -0.14925
   0.02535 -0.01096 -0.15752
   0.03010 -0.01185 -0.16350
   0.03498 -0.01268 -0.16664
   0.03993 -0.01344 -0.17045
   0.04495 -0.01415 -0.17048
   0.05002 -0.01481 -0.17278
   0.05511 -0.01543 -0.17424
   0.06024 -0.01602 -0.17322
   0.06539 -0.01656 -0.17438
   0.07056 -0.01708 -0.17369
   0.07574 -0.01757 -0.17409
   0.08094 -0.01803 -0.17370
   0.08615 -0.01846 -0.17372
   0.09136 -0.01888 -0.17289
   0.09659 -0.01927 -0.17296
   0.10182 -0.01964 -0.17092
   0.10707 -0.01999 -0.17086
   0.11231 -0.02033 -0.17109
   0.11757 -0.02064 -0.16983
   0.12282 -0.02094 -0.16932
   0.12808 -0.02123 -0.16717
   0.13335 -0.02150 -0.16860
   0.13862 -0.02176 -0.16606
   0.14389 -0.02200 -0.16544
   0.14917 -0.02224 -0.16572
   0.15445 -0.02246 -0.16328
   0.15973 -0.02266 -0.16359
   0.16501 -0.02286 -0.16199
   0.17030 -0.02305 -0.16107
   0.17558 -0.02322 -0.16069
   0.18087 -0.02339 -0.15795
   0.18616 -0.02354 -0.15908
   0.19146 -0.02369 -0.15679
   0.19675 -0.02383 -0.15593
   0.20205 -0.02396 -0.15488
   0.20734 -0.02407 -0.15383
   0.21264 -0.02419 -0.15345
   0.21794 -0.02429 -0.15192
   0.22324 -0.02439 -0.15024
   0.22855 -0.02447 -0.14956
   0.23385 -0.02455 -0.14857
   0.23915 -0.02463 -0.14661
   0.24446 -0.02469 -0.14659
   0.24976 -0.02475 -0.14595
   0.25507 -0.02481 -0.14396
   0.26038 -0.02485 -0.14226
   0.26569 -0.02489 -0.14176
   0.27099 -0.02493 -0.14023
   0.27630 -0.02495 -0.13947
   0.28161 -0.02498 -0.13863
   0.28692 -0.02499 -0.13755
   0.29224 -0.02500 -0.13509
   0.29755 -0.02501 -0.13579
   0.30286 -0.02501 -0.13314
   0.30817 -0.02500 -0.13289
   0.31349 -0.02499 -0.13176
   0.31880 -0.02497 -0.12943
   0.32411 -0.02495 -0.12925
   0.32943 -0.02493 -0.12741
   0.33474 -0.02490 -0.12650
   0.34006 -0.02486 -0.12589
   0.34537 -0.02482 -0.12461
   0.35069 -0.02478 -0.12241
   0.35601 -0.02473 -0.12221
   0.36132 -0.02468 -0.12124
   0.36664 -0.02462 -0.11936
   0.37196 -0.02456 -0.11835
   0.37728 -0.02450 -0.11690
   0.38260 -0.02443 -0.11648
   0.38791 -0.02436 -0.11495
   0.39323 -0.02428 -0.11351
   0.39855 -0.02420 -0.11301
   0.40387 -0.02412 -0.11056
   0.40919 -0.02403 -0.11011
   0.41451 -0.02394 -0.10990
   0.41983 -0.02385 -0.10771
   0.42515 -0.02375 -0.10665
   0.43047 -0.02365 -0.10561
   0.43579 -0.02355 -0.10384
   0.44111 -0.02344 -0.10359
   0.44643 -0.02333 -0.10133
   0.45175 -0.02322 -0.10070
   0.45707 -0.02310 -0.10034
   0.46240 -0.02298 -0.09804
   0.46772 -0.02286 -0.09828
   0.47304 -0.02273 -0.09473
   0.47836 -0.02261 -0.09530
   0.48368 -0.02248 -0.09355
   0.48900 -0.02234 -0.09338
   0.49433 -0.02221 -0.09092
   0.49965 -0.02207 -0.08977
   0.50497 -0.02193 -0.09093
   0.51029 -0.02178 -0.08631
   0.51562 -0.02164 -0.08750
   0.52094 -0.02149 -0.08490
   0.52626 -0.02134 -0.08511
   0.53158 -0.02118 -0.08369
   0.53691 -0.02103 -0.08244
   0.54223 -0.02087 -0.08002
   0.54755 -0.02071 -0.08134
   0.55288 -0.02055 -0.07797
   0.55820 -0.02038 -0.07793
   0.56352 -0.02022 -0.07514
   0.56885 -0.02005 -0.07551
   0.57417 -0.01987 -0.07553
   0.57949 -0.01970 -0.07271
   0.58482 -0.01953 -0.07156
   0.59014 -0.01935 -0.07060
   0.59546 -0.01917 -0.07007
   0.60079 -0.01899 -0.06843
   0.60611 -0.01880 -0.06670
   0.61144 -0.01862 -0.06700
   0.61676 -0.01843 -0.06485
   0.62208 -0.01824 -0.06357
   0.62741 -0.01805 -0.06252
   0.63273 -0.01786 -0.06166
   0.63805 -0.01766 -0.06035
   0.64338 -0.01747 -0.05918
   0.64870 -0.01727 -0.05912
   0.65403 -0.01707 -0.05552
   0.65935 -0.01687 -0.05729
   0.66467 -0.01666 -0.05263
   0.67000 -0.01646 -0.05459
   0.67532 -0.01625 -0.05055
   0.68065 -0.01604 -0.05240
   0.68597 -0.01583 -0.04916
   0.69129 -0.01562 -0.04939
   0.69662 -0.01540 -0.04577
   0.70194 -0.01519 -0.04678
   0.70727 -0.01497 -0.04490
   0.71259 -0.01475 -0.04297
   0.71791 -0.01453 -0.04252
   0.72324 -0.01431 -0.04023
   0.72856 -0.01409 -0.04101
   0.73388 -0.01386 -0.03756
   0.73921 -0.01363 -0.03722
   0.74453 -0.01340 -0.03707
   0.74985 -0.01317 -0.03473
   0.75518 -0.01294 -0.03197
   0.76050 -0.01271 -0.03222
   0.76582 -0.01247 -0.03115
   0.77115 -0.01224 -0.02808
   0.77647 -0.01200 -0.02816
   0.78179 -0.01176 -0.02741
   0.78712 -0.01152 -0.02453
   0.79244 -0.01128 -0.02439
   0.79776 -0.01103 -0.02100
   0.80309 -0.01079 -0.02083
   0.80841 -0.01054 -0.01935
   0.81373 -0.01029 -0.01743
   0.81905 -0.01004 -0.01732
   0.82438 -0.00979 -0.01304
   0.82970 -0.00953 -0.01280
   0.83502 -0.00928 -0.01107
   0.84034 -0.00902 -0.00847
   0.84567 -0.00876 -0.00968
   0.85099 -0.00850 -0.00701
   0.85631 -0.00824 -0.00128
   0.86163 -0.00798 -0.00364
   0.86695 -0.00771 -0.00076
   0.87227 -0.00745  0.00393
   0.87760 -0.00718  0.00260
   0.88292 -0.00691  0.00797
   0.88824 -0.00664  0.00766
   0.89356 -0.00637  0.01158
   0.89888 -0.00609  0.01190
   0.90420 -0.00581  0.01652
   0.90952 -0.00554  0.01837
   0.91484 -0.00526  0.02043
   0.92016 -0.00497  0.02524
   0.92548 -0.00469  0.02516
   0.93080 -0.00440  0.03163
   0.93612 -0.00412  0.03046
   0.94144 -0.00383  0.03935
   0.94676 -0.00354  0.04177
   0.95208 -0.00325  0.04451
   0.95740 -0.00295  0.04996
   0.96272 -0.00266  0.05880
   0.96804 -0.00236  0.06306
   0.97335 -0.00206  0.06966
   0.97866 -0.00176  0.07626
   0.98393 -0.00146  0.08575
   0.98908 -0.00116  0.10097
   0.99388 -0.00088  0.11966
   0.99789 -0.00065  0.15425
   1.00000 -0.00053  0.22446
