NACA 2406                                       
 Alfa =   5.00000 Re =  1000000.000 Xflap,Yflap =     0.000000    0.000000
#    x        y        Cp  
   1.00000  0.00063  0.27232
   0.99833  0.00086  0.18556
   0.99541  0.00126  0.13952
   0.99200  0.00172  0.11684
   0.98817  0.00223  0.09538
   0.98408  0.00278  0.07002
   0.97982  0.00335  0.05421
   0.97549  0.00392  0.03905
   0.97112  0.00450  0.03213
   0.96673  0.00507  0.01246
   0.96233  0.00564  0.00585
   0.95793  0.00621 -0.00427
   0.95352  0.00678 -0.01131
   0.94912  0.00734 -0.02398
   0.94471  0.00790 -0.03091
   0.94030  0.00845 -0.04186
   0.93589  0.00900 -0.04300
   0.93148  0.00955 -0.05426
   0.92707  0.01009 -0.06454
   0.92266  0.01063 -0.06862
   0.91825  0.01117 -0.07482
   0.91384  0.01170 -0.08268
   0.90942  0.01223 -0.08707
   0.90501  0.01276 -0.08834
   0.90060  0.01328 -0.11042
   0.89618  0.01380 -0.10013
   0.89177  0.01431 -0.10972
   0.88735  0.01482 -0.11955
   0.88294  0.01533 -0.12095
   0.87852  0.01584 -0.12817
   0.87411  0.01634 -0.13523
   0.86969  0.01684 -0.13425
   0.86527  0.01733 -0.14673
   0.86086  0.01782 -0.14392
   0.85644  0.01831 -0.15563
   0.85202  0.01879 -0.15540
   0.84760  0.01927 -0.16797
   0.84318  0.01975 -0.16422
   0.83876  0.02022 -0.17388
   0.83434  0.02069 -0.17504
   0.82992  0.02116 -0.18229
   0.82550  0.02162 -0.18793
   0.82108  0.02208 -0.18801
   0.81666  0.02254 -0.19494
   0.81224  0.02299 -0.19950
   0.80782  0.02344 -0.20301
   0.80339  0.02389 -0.20928
   0.79897  0.02433 -0.21122
   0.79455  0.02477 -0.22044
   0.79012  0.02520 -0.21454
   0.78570  0.02564 -0.22403
   0.78128  0.02606 -0.22910
   0.77685  0.02649 -0.23672
   0.77243  0.02691 -0.23291
   0.76800  0.02733 -0.24042
   0.76358  0.02774 -0.24746
   0.75915  0.02816 -0.24656
   0.75472  0.02856 -0.25420
   0.75030  0.02897 -0.25887
   0.74587  0.02937 -0.25579
   0.74144  0.02977 -0.26621
   0.73702  0.03016 -0.26974
   0.73259  0.03055 -0.27363
   0.72816  0.03094 -0.27265
   0.72373  0.03132 -0.28303
   0.71931  0.03170 -0.28204
   0.71488  0.03208 -0.28836
   0.71045  0.03245 -0.29170
   0.70602  0.03282 -0.29365
   0.70159  0.03319 -0.29911
   0.69716  0.03355 -0.30384
   0.69273  0.03391 -0.30554
   0.68830  0.03427 -0.31106
   0.68387  0.03462 -0.31485
   0.67944  0.03497 -0.31579
   0.67501  0.03531 -0.32371
   0.67058  0.03565 -0.32455
   0.66615  0.03599 -0.33017
   0.66172  0.03632 -0.33200
   0.65729  0.03665 -0.33646
   0.65285  0.03698 -0.34091
   0.64842  0.03730 -0.34301
   0.64399  0.03762 -0.34836
   0.63956  0.03794 -0.35191
   0.63513  0.03825 -0.35460
   0.63069  0.03856 -0.35888
   0.62626  0.03887 -0.36367
   0.62183  0.03917 -0.36375
   0.61740  0.03946 -0.37343
   0.61296  0.03976 -0.37138
   0.60853  0.04005 -0.37927
   0.60410  0.04033 -0.37849
   0.59966  0.04062 -0.38859
   0.59523  0.04089 -0.38656
   0.59080  0.04117 -0.38957
   0.58636  0.04144 -0.40157
   0.58193  0.04171 -0.39913
   0.57750  0.04197 -0.40486
   0.57306  0.04223 -0.40780
   0.56863  0.04248 -0.41345
   0.56419  0.04273 -0.41361
   0.55976  0.04298 -0.41887
   0.55533  0.04323 -0.42534
   0.55089  0.04346 -0.42843
   0.54646  0.04370 -0.43081
   0.54202  0.04393 -0.43491
   0.53759  0.04416 -0.43871
   0.53315  0.04438 -0.44539
   0.52872  0.04460 -0.44483
   0.52429  0.04481 -0.45112
   0.51985  0.04502 -0.45839
   0.51542  0.04523 -0.45743
   0.51098  0.04543 -0.46300
   0.50655  0.04563 -0.46849
   0.50211  0.04582 -0.46955
   0.49768  0.04601 -0.47740
   0.49325  0.04620 -0.47962
   0.48881  0.04638 -0.48545
   0.48438  0.04655 -0.48915
   0.47994  0.04673 -0.49271
   0.47551  0.04689 -0.49645
   0.47108  0.04706 -0.50323
   0.46664  0.04721 -0.50670
   0.46221  0.04737 -0.51079
   0.45777  0.04752 -0.51290
   0.45334  0.04766 -0.52178
   0.44891  0.04780 -0.52438
   0.44447  0.04793 -0.52898
   0.44004  0.04806 -0.53400
   0.43561  0.04819 -0.54030
   0.43118  0.04831 -0.54491
   0.42674  0.04842 -0.54744
   0.42231  0.04853 -0.55658
   0.41788  0.04864 -0.55795
   0.41345  0.04874 -0.56542
   0.40902  0.04884 -0.57054
   0.40459  0.04893 -0.57638
   0.40016  0.04901 -0.58662
   0.39574  0.04909 -0.58938
   0.39133  0.04916 -0.59816
   0.38692  0.04922 -0.60336
   0.38251  0.04928 -0.60850
   0.37810  0.04933 -0.61414
   0.37369  0.04936 -0.61917
   0.36928  0.04939 -0.62853
   0.36487  0.04942 -0.62724
   0.36046  0.04943 -0.63819
   0.35606  0.04944 -0.63919
   0.35165  0.04943 -0.64730
   0.34724  0.04942 -0.65167
   0.34284  0.04940 -0.65744
   0.33843  0.04938 -0.66148
   0.33402  0.04934 -0.66681
   0.32962  0.04929 -0.67172
   0.32521  0.04924 -0.67622
   0.32081  0.04918 -0.68379
   0.31641  0.04910 -0.68675
   0.31201  0.04902 -0.69349
   0.30760  0.04893 -0.69629
   0.30320  0.04884 -0.70312
   0.29880  0.04873 -0.70739
   0.29440  0.04861 -0.71543
   0.29001  0.04849 -0.71506
   0.28561  0.04835 -0.72448
   0.28121  0.04820 -0.72829
   0.27682  0.04805 -0.73435
   0.27242  0.04789 -0.73593
   0.26803  0.04771 -0.74665
   0.26364  0.04753 -0.74836
   0.25925  0.04733 -0.75544
   0.25486  0.04713 -0.75772
   0.25047  0.04692 -0.76751
   0.24608  0.04669 -0.76921
   0.24170  0.04646 -0.77751
   0.23731  0.04621 -0.78045
   0.23293  0.04596 -0.78960
   0.22855  0.04569 -0.79197
   0.22417  0.04542 -0.80012
   0.21979  0.04513 -0.80356
   0.21542  0.04483 -0.81179
   0.21104  0.04452 -0.81552
   0.20667  0.04420 -0.82336
   0.20230  0.04387 -0.83047
   0.19793  0.04352 -0.83388
   0.19357  0.04317 -0.84210
   0.18921  0.04280 -0.84729
   0.18485  0.04242 -0.85586
   0.18049  0.04203 -0.86148
   0.17613  0.04162 -0.87045
   0.17178  0.04121 -0.87443
   0.16743  0.04078 -0.88424
   0.16309  0.04033 -0.89104
   0.15875  0.03988 -0.89857
   0.15441  0.03941 -0.90676
   0.15007  0.03892 -0.91517
   0.14574  0.03842 -0.92407
   0.14142  0.03791 -0.93109
   0.13710  0.03738 -0.94254
   0.13278  0.03684 -0.95045
   0.12847  0.03628 -0.96195
   0.12416  0.03571 -0.97048
   0.11986  0.03512 -0.98359
   0.11557  0.03452 -0.99152
   0.11128  0.03389 -1.00609
   0.10700  0.03325 -1.01899
   0.10273  0.03260 -1.03102
   0.09847  0.03192 -1.04481
   0.09422  0.03122 -1.05989
   0.08997  0.03051 -1.07504
   0.08574  0.02977 -1.09470
   0.08152  0.02902 -1.10871
   0.07732  0.02824 -1.13115
   0.07313  0.02743 -1.14943
   0.06895  0.02661 -1.17520
   0.06480  0.02576 -1.19858
   0.06067  0.02488 -1.22598
   0.05657  0.02398 -1.25615
   0.05249  0.02305 -1.28901
   0.04845  0.02209 -1.32610
   0.04446  0.02110 -1.36750
   0.04051  0.02007 -1.41551
   0.03663  0.01902 -1.46814
   0.03284  0.01794 -1.52825
   0.02916  0.01683 -1.59871
   0.02562  0.01570 -1.68165
   0.02228  0.01457 -1.77320
   0.01918  0.01345 -1.87853
   0.01638  0.01236 -1.99953
   0.01390  0.01132 -2.12855
   0.01175  0.01035 -2.27125
   0.00990  0.00946 -2.42903
   0.00832  0.00863 -2.58237
   0.00697  0.00786 -2.75733
   0.00582  0.00715 -2.93147
   0.00482  0.00648 -3.12273
   0.00396  0.00584 -3.30762
   0.00321  0.00524 -3.51354
   0.00256  0.00466 -3.71031
   0.00200  0.00410 -3.90255
   0.00151  0.00356 -4.10347
   0.00110  0.00302 -4.27330
   0.00075  0.00249 -4.37291
   0.00048  0.00197 -4.43944
   0.00026  0.00146 -4.39527
   0.00011  0.00095 -4.21360
   0.00003  0.00046 -3.86390
   0.00000 -0.00002 -3.45250
   0.00003 -0.00050 -2.90521
   0.00013 -0.00099 -2.28147
   0.00029 -0.00148 -1.59775
   0.00053 -0.00198 -0.97064
   0.00084 -0.00246 -0.42755
   0.00122 -0.00294  0.00785
   0.00167 -0.00341  0.34104
   0.00219 -0.00387  0.58057
   0.00280 -0.00433  0.75358
   0.00348 -0.00478  0.86742
   0.00426 -0.00523  0.93947
   0.00515 -0.00568  0.98092
   0.00617 -0.00615  0.99824
   0.00733 -0.00662  0.99772
   0.00867 -0.00710  0.98387
   0.01022 -0.00760  0.95979
   0.01202 -0.00811  0.92774
   0.01412 -0.00864  0.88925
   0.01654 -0.00918  0.84917
   0.01931 -0.00972  0.80556
   0.02241 -0.01026  0.76404
   0.02579 -0.01076  0.72331
   0.02940 -0.01124  0.68645
   0.03319 -0.01168  0.65122
   0.03712 -0.01208  0.62164
   0.04114 -0.01244  0.59373
   0.04523 -0.01276  0.56882
   0.04938 -0.01305  0.54735
   0.05357 -0.01330  0.52659
   0.05779 -0.01353  0.50893
   0.06204 -0.01373  0.49263
   0.06632 -0.01391  0.47783
   0.07062 -0.01406  0.46402
   0.07493 -0.01420  0.45176
   0.07926 -0.01432  0.44034
   0.08360 -0.01442  0.42950
   0.08795 -0.01450  0.41937
   0.09231 -0.01457  0.41183
   0.09668 -0.01463  0.40180
   0.10106 -0.01467  0.39383
   0.10544 -0.01471  0.38818
   0.10983 -0.01473  0.37952
   0.11423 -0.01474  0.37423
   0.11863 -0.01474  0.36861
   0.12304 -0.01474  0.36155
   0.12745 -0.01472  0.35738
   0.13186 -0.01470  0.35260
   0.13628 -0.01467  0.34554
   0.14070 -0.01463  0.34324
   0.14513 -0.01459  0.33882
   0.14955 -0.01454  0.33417
   0.15398 -0.01449  0.33045
   0.15842 -0.01443  0.32690
   0.16285 -0.01437  0.32365
   0.16729 -0.01430  0.32018
   0.17173 -0.01423  0.31677
   0.17617 -0.01415  0.31420
   0.18062 -0.01407  0.31021
   0.18506 -0.01399  0.30943
   0.18951 -0.01390  0.30557
   0.19396 -0.01381  0.30213
   0.19841 -0.01372  0.30172
   0.20286 -0.01363  0.29770
   0.20731 -0.01353  0.29571
   0.21177 -0.01343  0.29455
   0.21622 -0.01333  0.29207
   0.22068 -0.01323  0.28864
   0.22514 -0.01312  0.28871
   0.22960 -0.01302  0.28618
   0.23406 -0.01291  0.28323
   0.23852 -0.01280  0.28373
   0.24298 -0.01269  0.27999
   0.24745 -0.01258  0.27947
   0.25191 -0.01247  0.27700
   0.25638 -0.01236  0.27620
   0.26084 -0.01225  0.27358
   0.26531 -0.01213  0.27373
   0.26978 -0.01202  0.27131
   0.27424 -0.01191  0.26987
   0.27871 -0.01180  0.26819
   0.28318 -0.01168  0.26858
   0.28765 -0.01157  0.26508
   0.29212 -0.01146  0.26396
   0.29658 -0.01134  0.26454
   0.30105 -0.01123  0.26147
   0.30551 -0.01112  0.26002
   0.30998 -0.01101  0.25943
   0.31444 -0.01090  0.25854
   0.31891 -0.01079  0.25695
   0.32337 -0.01068  0.25516
   0.32783 -0.01057  0.25694
   0.33229 -0.01047  0.25050
   0.33675 -0.01036  0.25348
   0.34122 -0.01026  0.25155
   0.34568 -0.01015  0.24920
   0.35014 -0.01005  0.24902
   0.35460 -0.00995  0.24655
   0.35906 -0.00985  0.24589
   0.36351 -0.00975  0.24387
   0.36797 -0.00966  0.24362
   0.37243 -0.00956  0.24378
   0.37689 -0.00947  0.24069
   0.38135 -0.00938  0.23884
   0.38580 -0.00929  0.23696
   0.39026 -0.00920  0.23758
   0.39472 -0.00911  0.23430
   0.39918 -0.00903  0.23158
   0.40364 -0.00895  0.23116
   0.40810 -0.00886  0.22946
   0.41257 -0.00878  0.22458
   0.41703 -0.00869  0.22621
   0.42150 -0.00861  0.22507
   0.42596 -0.00852  0.22330
   0.43043 -0.00843  0.22008
   0.43490 -0.00834  0.22196
   0.43936 -0.00826  0.21852
   0.44383 -0.00817  0.21852
   0.44830 -0.00808  0.21815
   0.45276 -0.00799  0.21483
   0.45723 -0.00790  0.21575
   0.46170 -0.00781  0.21365
   0.46617 -0.00772  0.21328
   0.47064 -0.00763  0.21019
   0.47510 -0.00753  0.21280
   0.47957 -0.00744  0.20993
   0.48404 -0.00735  0.21109
   0.48851 -0.00726  0.20649
   0.49298 -0.00717  0.20896
   0.49745 -0.00708  0.20738
   0.50192 -0.00699  0.20584
   0.50639 -0.00690  0.20337
   0.51086 -0.00680  0.20675
   0.51533 -0.00671  0.20198
   0.51980 -0.00662  0.20356
   0.52427 -0.00653  0.20245
   0.52873 -0.00644  0.20040
   0.53320 -0.00635  0.20212
   0.53767 -0.00626  0.19872
   0.54214 -0.00617  0.20165
   0.54661 -0.00608  0.19618
   0.55107 -0.00599  0.19793
   0.55554 -0.00590  0.19785
   0.56001 -0.00581  0.19576
   0.56447 -0.00572  0.19707
   0.56894 -0.00564  0.19362
   0.57341 -0.00555  0.19522
   0.57787 -0.00546  0.19169
   0.58234 -0.00538  0.19771
   0.58681 -0.00529  0.18950
   0.59127 -0.00520  0.19446
   0.59574 -0.00512  0.18761
   0.60021 -0.00504  0.19165
   0.60467 -0.00495  0.19177
   0.60914 -0.00487  0.18911
   0.61360 -0.00479  0.18716
   0.61807 -0.00470  0.18788
   0.62253 -0.00462  0.18653
   0.62700 -0.00454  0.18808
   0.63146 -0.00446  0.18614
   0.63593 -0.00438  0.18669
   0.64039 -0.00430  0.18340
   0.64486 -0.00422  0.18668
   0.64932 -0.00415  0.17981
   0.65379 -0.00407  0.18571
   0.65825 -0.00399  0.18072
   0.66272 -0.00392  0.18538
   0.66718 -0.00384  0.17846
   0.67165 -0.00377  0.18092
   0.67611 -0.00370  0.18009
   0.68058 -0.00362  0.18062
   0.68504 -0.00355  0.17882
   0.68950 -0.00348  0.17673
   0.69397 -0.00341  0.17711
   0.69843 -0.00334  0.17947
   0.70290 -0.00328  0.17558
   0.70736 -0.00321  0.17497
   0.71182 -0.00314  0.17682
   0.71629 -0.00308  0.17152
   0.72075 -0.00301  0.17711
   0.72522 -0.00295  0.17055
   0.72968 -0.00288  0.17679
   0.73414 -0.00282  0.17041
   0.73861 -0.00276  0.17216
   0.74307 -0.00270  0.16796
   0.74754 -0.00264  0.17147
   0.75200 -0.00258  0.17184
   0.75646 -0.00252  0.16636
   0.76093 -0.00247  0.17041
   0.76539 -0.00241  0.16873
   0.76985 -0.00235  0.16411
   0.77432 -0.00230  0.16908
   0.77878 -0.00225  0.16917
   0.78325 -0.00219  0.16197
   0.78771 -0.00214  0.16503
   0.79217 -0.00209  0.16475
   0.79664 -0.00204  0.16579
   0.80110 -0.00199  0.16058
   0.80557 -0.00194  0.16373
   0.81003 -0.00190  0.16141
   0.81449 -0.00185  0.16050
   0.81896 -0.00181  0.15997
   0.82342 -0.00176  0.16348
   0.82789 -0.00172  0.15800
   0.83235 -0.00167  0.15745
   0.83681 -0.00163  0.15581
   0.84128 -0.00159  0.16310
   0.84574 -0.00155  0.15587
   0.85021 -0.00151  0.15735
   0.85467 -0.00147  0.15639
   0.85914 -0.00143  0.15531
   0.86360 -0.00140  0.15790
   0.86806 -0.00136  0.15194
   0.87253 -0.00133  0.15575
   0.87699 -0.00129  0.15392
   0.88146 -0.00126  0.15481
   0.88592 -0.00123  0.15159
   0.89039 -0.00119  0.15087
   0.89485 -0.00116  0.14900
   0.89932 -0.00113  0.15191
   0.90378 -0.00110  0.15209
   0.90825 -0.00107  0.15265
   0.91271 -0.00105  0.14828
   0.91718 -0.00102  0.15009
   0.92164 -0.00099  0.15211
   0.92611 -0.00097  0.14843
   0.93057 -0.00094  0.14987
   0.93504 -0.00092  0.15006
   0.93950 -0.00089  0.14797
   0.94397 -0.00087  0.15141
   0.94844 -0.00085  0.14854
   0.95290 -0.00082  0.15119
   0.95737 -0.00080  0.15472
   0.96183 -0.00078  0.14860
   0.96629 -0.00076  0.15509
   0.97074 -0.00074  0.15443
   0.97517 -0.00072  0.15756
   0.97956 -0.00071  0.16001
   0.98388 -0.00069  0.16214
   0.98803 -0.00067  0.17035
   0.99191 -0.00066  0.17751
   0.99537 -0.00065  0.19268
   0.99832 -0.00064  0.21902
   1.00000 -0.00063  0.27232
