NACA 2610                                       
 Alfa =   4.00000 Re =        0.000 Xflap,Yflap =     0.000000    0.000000
#    x        y        Cp  
   1.00000  0.00105  0.38423
   0.99820  0.00144  0.27463
   0.99532  0.00206  0.22215
   0.99221  0.00273  0.18340
   0.98886  0.00344  0.16014
   0.98529  0.00420  0.13088
   0.98149  0.00500  0.11067
   0.97749  0.00583  0.08690
   0.97332  0.00670  0.07050
   0.96899  0.00759  0.05020
   0.96453  0.00850  0.03595
   0.95997  0.00942  0.01706
   0.95533  0.01035  0.00466
   0.95063  0.01128 -0.01089
   0.94588  0.01222 -0.02294
   0.94110  0.01315 -0.03754
   0.93628  0.01408 -0.05026
   0.93145  0.01501 -0.06348
   0.92660  0.01593 -0.07045
   0.92174  0.01684 -0.08579
   0.91687  0.01775 -0.09405
   0.91200  0.01864 -0.10786
   0.90711  0.01953 -0.11382
   0.90223  0.02042 -0.12484
   0.89733  0.02129 -0.13563
   0.89244  0.02216 -0.14432
   0.88754  0.02301 -0.15226
   0.88264  0.02386 -0.16188
   0.87774  0.02470 -0.17164
   0.87284  0.02553 -0.17857
   0.86793  0.02636 -0.18741
   0.86303  0.02717 -0.19414
   0.85812  0.02798 -0.20264
   0.85321  0.02878 -0.21200
   0.84829  0.02957 -0.21792
   0.84338  0.03035 -0.22512
   0.83847  0.03112 -0.23345
   0.83355  0.03188 -0.23873
   0.82863  0.03264 -0.24792
   0.82371  0.03338 -0.25370
   0.81879  0.03412 -0.26168
   0.81387  0.03485 -0.26708
   0.80895  0.03557 -0.27500
   0.80402  0.03628 -0.28087
   0.79910  0.03699 -0.28609
   0.79417  0.03768 -0.29296
   0.78924  0.03837 -0.30008
   0.78431  0.03905 -0.30623
   0.77938  0.03972 -0.31194
   0.77445  0.04038 -0.31724
   0.76952  0.04103 -0.32484
   0.76459  0.04167 -0.32874
   0.75965  0.04231 -0.33593
   0.75472  0.04293 -0.34111
   0.74978  0.04355 -0.34571
   0.74485  0.04416 -0.35288
   0.73991  0.04476 -0.35698
   0.73497  0.04535 -0.36413
   0.73003  0.04593 -0.36825
   0.72509  0.04651 -0.37236
   0.72015  0.04707 -0.37980
   0.71521  0.04763 -0.38345
   0.71027  0.04817 -0.38944
   0.70533  0.04871 -0.39207
   0.70038  0.04924 -0.39961
   0.69544  0.04976 -0.40409
   0.69050  0.05027 -0.40946
   0.68555  0.05078 -0.41233
   0.68061  0.05127 -0.41851
   0.67566  0.05176 -0.42169
   0.67071  0.05223 -0.42749
   0.66577  0.05270 -0.43200
   0.66082  0.05316 -0.43610
   0.65587  0.05360 -0.43969
   0.65093  0.05404 -0.44406
   0.64598  0.05447 -0.44870
   0.64103  0.05490 -0.45242
   0.63608  0.05531 -0.45716
   0.63113  0.05571 -0.45969
   0.62617  0.05610 -0.46498
   0.62122  0.05649 -0.46621
   0.61626  0.05686 -0.47086
   0.61130  0.05723 -0.47435
   0.60634  0.05759 -0.47778
   0.60137  0.05793 -0.47891
   0.59639  0.05827 -0.48062
   0.59140  0.05861 -0.48181
   0.58640  0.05894 -0.48735
   0.58141  0.05926 -0.48891
   0.57640  0.05957 -0.49292
   0.57140  0.05988 -0.49585
   0.56640  0.06019 -0.49922
   0.56140  0.06048 -0.50341
   0.55639  0.06077 -0.50631
   0.55139  0.06105 -0.51077
   0.54638  0.06133 -0.51391
   0.54138  0.06160 -0.51838
   0.53638  0.06186 -0.52295
   0.53137  0.06212 -0.52575
   0.52637  0.06237 -0.53028
   0.52137  0.06261 -0.53308
   0.51637  0.06284 -0.53902
   0.51137  0.06307 -0.54093
   0.50637  0.06329 -0.54674
   0.50138  0.06350 -0.55117
   0.49638  0.06371 -0.55430
   0.49138  0.06391 -0.55869
   0.48639  0.06410 -0.56387
   0.48140  0.06428 -0.56752
   0.47640  0.06446 -0.57076
   0.47141  0.06463 -0.57669
   0.46642  0.06479 -0.58068
   0.46143  0.06494 -0.58549
   0.45645  0.06508 -0.58927
   0.45146  0.06522 -0.59416
   0.44647  0.06535 -0.59894
   0.44149  0.06547 -0.60254
   0.43651  0.06558 -0.60710
   0.43153  0.06568 -0.61203
   0.42655  0.06578 -0.61642
   0.42157  0.06586 -0.62315
   0.41660  0.06594 -0.62488
   0.41163  0.06601 -0.63171
   0.40665  0.06607 -0.63452
   0.40168  0.06612 -0.64024
   0.39672  0.06616 -0.64566
   0.39175  0.06620 -0.64993
   0.38679  0.06622 -0.65530
   0.38183  0.06624 -0.65902
   0.37687  0.06624 -0.66519
   0.37191  0.06624 -0.66969
   0.36696  0.06622 -0.67457
   0.36200  0.06620 -0.68095
   0.35705  0.06616 -0.68344
   0.35211  0.06612 -0.69062
   0.34716  0.06607 -0.69461
   0.34222  0.06600 -0.70131
   0.33728  0.06593 -0.70551
   0.33235  0.06584 -0.71050
   0.32741  0.06575 -0.71536
   0.32248  0.06564 -0.72219
   0.31756  0.06552 -0.72726
   0.31264  0.06540 -0.73236
   0.30772  0.06526 -0.73733
   0.30280  0.06511 -0.74283
   0.29789  0.06494 -0.75028
   0.29298  0.06477 -0.75331
   0.28808  0.06458 -0.76161
   0.28318  0.06438 -0.76493
   0.27828  0.06417 -0.77315
   0.27339  0.06395 -0.77657
   0.26851  0.06372 -0.78475
   0.26363  0.06347 -0.78924
   0.25875  0.06321 -0.79595
   0.25388  0.06293 -0.80177
   0.24901  0.06265 -0.80769
   0.24416  0.06234 -0.81452
   0.23930  0.06203 -0.82011
   0.23445  0.06170 -0.82677
   0.22961  0.06136 -0.83376
   0.22478  0.06100 -0.83982
   0.21995  0.06063 -0.84736
   0.21513  0.06024 -0.85403
   0.21032  0.05984 -0.86035
   0.20552  0.05942 -0.86753
   0.20072  0.05899 -0.87469
   0.19593  0.05854 -0.88268
   0.19116  0.05808 -0.88912
   0.18639  0.05760 -0.89632
   0.18163  0.05710 -0.90528
   0.17689  0.05658 -0.91222
   0.17215  0.05605 -0.92080
   0.16743  0.05550 -0.92828
   0.16272  0.05493 -0.93748
   0.15802  0.05434 -0.94520
   0.15334  0.05374 -0.95405
   0.14868  0.05311 -0.96397
   0.14403  0.05247 -0.97230
   0.13939  0.05181 -0.98284
   0.13478  0.05112 -0.99076
   0.13019  0.05042 -1.00341
   0.12562  0.04969 -1.01205
   0.12108  0.04895 -1.02323
   0.11656  0.04818 -1.03512
   0.11207  0.04739 -1.04538
   0.10762  0.04658 -1.05883
   0.10320  0.04575 -1.07164
   0.09882  0.04490 -1.08232
   0.09448  0.04403 -1.09837
   0.09019  0.04313 -1.11002
   0.08596  0.04222 -1.12703
   0.08179  0.04128 -1.14261
   0.07769  0.04033 -1.15591
   0.07366  0.03936 -1.17297
   0.06973  0.03838 -1.19191
   0.06589  0.03738 -1.21028
   0.06215  0.03638 -1.22745
   0.05854  0.03537 -1.24865
   0.05505  0.03435 -1.26962
   0.05169  0.03334 -1.28907
   0.04848  0.03234 -1.31226
   0.04542  0.03134 -1.33375
   0.04250  0.03035 -1.35585
   0.03975  0.02938 -1.37951
   0.03714  0.02843 -1.40298
   0.03468  0.02750 -1.42869
   0.03237  0.02659 -1.45353
   0.03020  0.02570 -1.47544
   0.02816  0.02484 -1.50104
   0.02625  0.02399 -1.52287
   0.02446  0.02317 -1.55384
   0.02277  0.02237 -1.57106
   0.02119  0.02159 -1.59948
   0.01971  0.02082 -1.62182
   0.01831  0.02008 -1.65292
   0.01700  0.01935 -1.66824
   0.01577  0.01864 -1.69203
   0.01460  0.01794 -1.71875
   0.01351  0.01726 -1.73429
   0.01247  0.01659 -1.76469
   0.01150  0.01593 -1.77951
   0.01057  0.01528 -1.79903
   0.00970  0.01464 -1.81233
   0.00888  0.01400 -1.83744
   0.00810  0.01338 -1.83893
   0.00737  0.01276 -1.86468
   0.00668  0.01214 -1.86254
   0.00602  0.01153 -1.87774
   0.00541  0.01093 -1.87587
   0.00483  0.01033 -1.87035
   0.00429  0.00973 -1.86257
   0.00378  0.00913 -1.85079
   0.00330  0.00854 -1.84001
   0.00286  0.00795 -1.79983
   0.00245  0.00736 -1.76783
   0.00207  0.00677 -1.73078
   0.00173  0.00618 -1.66851
   0.00142  0.00559 -1.60027
   0.00114  0.00501 -1.54313
   0.00089  0.00442 -1.43724
   0.00067  0.00384 -1.36005
   0.00048  0.00326 -1.22553
   0.00033  0.00268 -1.11349
   0.00020  0.00211 -0.99163
   0.00011  0.00155 -0.84479
   0.00004  0.00099 -0.71476
   0.00001  0.00044 -0.57084
   0.00000 -0.00011 -0.42335
   0.00002 -0.00065 -0.29258
   0.00007 -0.00120 -0.14724
   0.00014 -0.00176 -0.00360
   0.00025 -0.00233  0.12501
   0.00039 -0.00289  0.26102
   0.00057 -0.00346  0.38311
   0.00077 -0.00403  0.49721
   0.00102 -0.00460  0.59505
   0.00129 -0.00517  0.68514
   0.00160 -0.00573  0.76052
   0.00194 -0.00629  0.82789
   0.00232 -0.00685  0.88027
   0.00273 -0.00740  0.92091
   0.00318 -0.00795  0.95298
   0.00366 -0.00850  0.97600
   0.00417 -0.00904  0.99004
   0.00472 -0.00958  0.99826
   0.00530 -0.01012  0.99996
   0.00592 -0.01065  0.99656
   0.00657 -0.01118  0.98930
   0.00726 -0.01170  0.97854
   0.00800 -0.01223  0.96465
   0.00877 -0.01275  0.94770
   0.00958 -0.01328  0.92971
   0.01044 -0.01380  0.90995
   0.01135 -0.01433  0.89013
   0.01231 -0.01485  0.86678
   0.01331 -0.01538  0.84449
   0.01438 -0.01591  0.82168
   0.01550 -0.01645  0.79669
   0.01669 -0.01698  0.77289
   0.01795 -0.01752  0.75043
   0.01929 -0.01807  0.72458
   0.02070 -0.01862  0.70066
   0.02220 -0.01918  0.67645
   0.02379 -0.01975  0.65424
   0.02548 -0.02032  0.62818
   0.02728 -0.02090  0.60558
   0.02920 -0.02148  0.58115
   0.03123 -0.02207  0.55851
   0.03340 -0.02267  0.53674
   0.03571 -0.02328  0.51347
   0.03817 -0.02389  0.49303
   0.04078 -0.02450  0.46965
   0.04354 -0.02511  0.44988
   0.04646 -0.02573  0.43067
   0.04954 -0.02634  0.40924
   0.05278 -0.02695  0.39224
   0.05617 -0.02754  0.37372
   0.05971 -0.02813  0.35598
   0.06338 -0.02871  0.34132
   0.06718 -0.02927  0.32472
   0.07110 -0.02981  0.30977
   0.07513 -0.03033  0.29727
   0.07925 -0.03083  0.28393
   0.08346 -0.03131  0.27145
   0.08775 -0.03176  0.26067
   0.09210 -0.03220  0.25007
   0.09651 -0.03261  0.23935
   0.10097 -0.03299  0.23149
   0.10548 -0.03336  0.22151
   0.11003 -0.03370  0.21386
   0.11462 -0.03402  0.20734
   0.11924 -0.03432  0.19915
   0.12389 -0.03460  0.19284
   0.12857 -0.03486  0.18660
   0.13327 -0.03510  0.18111
   0.13799 -0.03532  0.17583
   0.14274 -0.03552  0.17017
   0.14750 -0.03570  0.16605
   0.15228 -0.03587  0.16188
   0.15708 -0.03602  0.15729
   0.16189 -0.03615  0.15354
   0.16671 -0.03627  0.15029
   0.17155 -0.03638  0.14657
   0.17640 -0.03647  0.14331
   0.18125 -0.03654  0.14153
   0.18612 -0.03660  0.13805
   0.19100 -0.03665  0.13505
   0.19589 -0.03668  0.13346
   0.20079 -0.03670  0.13092
   0.20570 -0.03671  0.12914
   0.21061 -0.03671  0.12686
   0.21553 -0.03670  0.12571
   0.22046 -0.03667  0.12315
   0.22540 -0.03664  0.12318
   0.23034 -0.03659  0.12036
   0.23529 -0.03654  0.11932
   0.24024 -0.03647  0.11833
   0.24520 -0.03640  0.11792
   0.25017 -0.03631  0.11584
   0.25514 -0.03622  0.11619
   0.26011 -0.03612  0.11455
   0.26509 -0.03601  0.11382
   0.27008 -0.03589  0.11354
   0.27506 -0.03576  0.11328
   0.28006 -0.03563  0.11244
   0.28505 -0.03548  0.11182
   0.29006 -0.03533  0.11206
   0.29506 -0.03518  0.11141
   0.30007 -0.03501  0.11165
   0.30508 -0.03484  0.10995
   0.31010 -0.03466  0.11069
   0.31512 -0.03448  0.11256
   0.32014 -0.03429  0.10972
   0.32516 -0.03409  0.11082
   0.33019 -0.03389  0.11019
   0.33522 -0.03368  0.11258
   0.34026 -0.03347  0.11102
   0.34529 -0.03325  0.11068
   0.35033 -0.03303  0.11154
   0.35537 -0.03280  0.11295
   0.36042 -0.03257  0.11135
   0.36546 -0.03233  0.11189
   0.37051 -0.03208  0.11424
   0.37556 -0.03184  0.11197
   0.38062 -0.03158  0.11499
   0.38567 -0.03133  0.11353
   0.39073 -0.03107  0.11505
   0.39579 -0.03080  0.11436
   0.40085 -0.03054  0.11664
   0.40592 -0.03026  0.11567
   0.41098 -0.02999  0.11704
   0.41605 -0.02971  0.11729
   0.42112 -0.02943  0.11847
   0.42619 -0.02914  0.11784
   0.43127 -0.02885  0.12021
   0.43634 -0.02856  0.11986
   0.44142 -0.02826  0.12126
   0.44650 -0.02796  0.12090
   0.45158 -0.02766  0.12205
   0.45666 -0.02736  0.12329
   0.46174 -0.02705  0.12343
   0.46682 -0.02674  0.12509
   0.47191 -0.02643  0.12499
   0.47700 -0.02612  0.12606
   0.48208 -0.02580  0.12693
   0.48717 -0.02548  0.12822
   0.49227 -0.02516  0.12896
   0.49736 -0.02484  0.13037
   0.50245 -0.02452  0.12933
   0.50755 -0.02419  0.13298
   0.51264 -0.02386  0.13090
   0.51774 -0.02353  0.13528
   0.52284 -0.02320  0.13298
   0.52794 -0.02287  0.13600
   0.53304 -0.02253  0.13682
   0.53814 -0.02220  0.13801
   0.54324 -0.02186  0.13877
   0.54834 -0.02152  0.13887
   0.55345 -0.02118  0.14294
   0.55855 -0.02084  0.14082
   0.56366 -0.02050  0.14409
   0.56876 -0.02015  0.14484
   0.57387 -0.01981  0.14523
   0.57897 -0.01946  0.14837
   0.58407 -0.01911  0.14842
   0.58918 -0.01877  0.15182
   0.59428 -0.01842  0.15155
   0.59937 -0.01807  0.15464
   0.60446 -0.01772  0.15847
   0.60955 -0.01738  0.15838
   0.61463 -0.01704  0.16087
   0.61971 -0.01670  0.16279
   0.62478 -0.01637  0.16201
   0.62986 -0.01603  0.16527
   0.63493 -0.01571  0.16596
   0.64000 -0.01538  0.16690
   0.64507 -0.01506  0.16792
   0.65014 -0.01474  0.16893
   0.65521 -0.01443  0.17081
   0.66028 -0.01411  0.17001
   0.66535 -0.01380  0.17265
   0.67042 -0.01350  0.17219
   0.67549 -0.01320  0.17355
   0.68056 -0.01290  0.17582
   0.68562 -0.01260  0.17361
   0.69069 -0.01231  0.17607
   0.69576 -0.01202  0.17629
   0.70083 -0.01174  0.17812
   0.70589 -0.01145  0.17755
   0.71096 -0.01118  0.17778
   0.71603 -0.01090  0.18029
   0.72109 -0.01063  0.17905
   0.72616 -0.01036  0.17990
   0.73123 -0.01010  0.18160
   0.73629 -0.00984  0.18056
   0.74136 -0.00958  0.18170
   0.74643 -0.00933  0.18276
   0.75149 -0.00907  0.18212
   0.75656 -0.00883  0.18319
   0.76163 -0.00859  0.18319
   0.76669 -0.00835  0.18508
   0.77176 -0.00811  0.18376
   0.77683 -0.00788  0.18483
   0.78190 -0.00765  0.18526
   0.78696 -0.00742  0.18634
   0.79203 -0.00720  0.18512
   0.79710 -0.00698  0.18756
   0.80217 -0.00677  0.18497
   0.80724 -0.00656  0.18831
   0.81230 -0.00635  0.18565
   0.81737 -0.00615  0.18864
   0.82244 -0.00594  0.18794
   0.82751 -0.00575  0.18836
   0.83258 -0.00555  0.18854
   0.83765 -0.00536  0.18898
   0.84272 -0.00518  0.18862
   0.84779 -0.00500  0.18955
   0.85286 -0.00482  0.18961
   0.85793 -0.00464  0.18976
   0.86300 -0.00447  0.19154
   0.86807 -0.00430  0.19165
   0.87314 -0.00413  0.19106
   0.87822 -0.00397  0.19218
   0.88329 -0.00381  0.19119
   0.88836 -0.00366  0.19289
   0.89343 -0.00351  0.19443
   0.89850 -0.00336  0.19335
   0.90356 -0.00321  0.19573
   0.90863 -0.00307  0.19368
   0.91369 -0.00293  0.19700
   0.91875 -0.00280  0.19757
   0.92380 -0.00267  0.19781
   0.92884 -0.00254  0.19885
   0.93387 -0.00241  0.20153
   0.93888 -0.00229  0.20222
   0.94386 -0.00217  0.20253
   0.94880 -0.00206  0.20643
   0.95370 -0.00195  0.20739
   0.95854 -0.00185  0.21116
   0.96329 -0.00174  0.21176
   0.96793 -0.00165  0.21804
   0.97244 -0.00156  0.22057
   0.97678 -0.00147  0.22770
   0.98093 -0.00139  0.23006
   0.98486 -0.00132  0.24132
   0.98856 -0.00125  0.24742
   0.99201 -0.00119  0.26316
   0.99520 -0.00113  0.27821
   0.99816 -0.00108  0.31027
   1.00000 -0.00105  0.38423
