NACA 0012                                       
 Alfa =   0.00000 Re =        0.000 Xflap,Yflap =     0.000000    0.000000
#    x        y        Cp  
   1.00000  0.00126  0.42375
   0.99760  0.00160  0.31307
   0.99376  0.00213  0.26542
   0.98963  0.00271  0.23386
   0.98520  0.00332  0.20715
   0.98047  0.00397  0.18740
   0.97546  0.00465  0.16845
   0.97017  0.00537  0.15372
   0.96464  0.00612  0.13854
   0.95889  0.00689  0.12526
   0.95295  0.00767  0.11482
   0.94686  0.00848  0.10134
   0.94065  0.00929  0.09017
   0.93433  0.01012  0.08328
   0.92794  0.01094  0.07098
   0.92148  0.01177  0.06462
   0.91498  0.01260  0.05543
   0.90844  0.01342  0.04660
   0.90188  0.01424  0.04094
   0.89529  0.01506  0.03234
   0.88869  0.01588  0.02689
   0.88208  0.01669  0.01901
   0.87545  0.01749  0.01334
   0.86882  0.01829  0.00701
   0.86218  0.01908  0.00219
   0.85554  0.01987 -0.00445
   0.84890  0.02066 -0.00957
   0.84225  0.02143 -0.01552
   0.83560  0.02220 -0.02017
   0.82894  0.02297 -0.02538
   0.82229  0.02373 -0.03037
   0.81563  0.02448 -0.03508
   0.80897  0.02523 -0.04002
   0.80232  0.02597 -0.04379
   0.79566  0.02671 -0.04918
   0.78899  0.02744 -0.05388
   0.78233  0.02817 -0.05751
   0.77567  0.02889 -0.06242
   0.76901  0.02960 -0.06614
   0.76234  0.03031 -0.07057
   0.75568  0.03101 -0.07526
   0.74902  0.03171 -0.07897
   0.74235  0.03240 -0.08293
   0.73569  0.03308 -0.08747
   0.72902  0.03376 -0.09077
   0.72236  0.03443 -0.09531
   0.71570  0.03510 -0.09874
   0.70903  0.03575 -0.10282
   0.70237  0.03641 -0.10691
   0.69570  0.03706 -0.11043
   0.68904  0.03770 -0.11456
   0.68238  0.03833 -0.11829
   0.67572  0.03896 -0.12104
   0.66906  0.03958 -0.12659
   0.66240  0.04020 -0.12983
   0.65574  0.04081 -0.13342
   0.64908  0.04141 -0.13637
   0.64242  0.04200 -0.14150
   0.63576  0.04259 -0.14372
   0.62911  0.04317 -0.14863
   0.62245  0.04375 -0.15188
   0.61580  0.04431 -0.15553
   0.60915  0.04488 -0.15991
   0.60250  0.04543 -0.16244
   0.59585  0.04597 -0.16691
   0.58921  0.04651 -0.17087
   0.58256  0.04704 -0.17393
   0.57592  0.04756 -0.17819
   0.56928  0.04808 -0.18132
   0.56264  0.04858 -0.18543
   0.55600  0.04908 -0.18888
   0.54937  0.04957 -0.19322
   0.54274  0.05005 -0.19649
   0.53611  0.05052 -0.20027
   0.52948  0.05099 -0.20387
   0.52286  0.05144 -0.20829
   0.51624  0.05189 -0.21086
   0.50962  0.05232 -0.21571
   0.50301  0.05275 -0.21874
   0.49640  0.05317 -0.22308
   0.48979  0.05357 -0.22640
   0.48318  0.05397 -0.23070
   0.47658  0.05436 -0.23435
   0.46999  0.05473 -0.23817
   0.46339  0.05510 -0.24130
   0.45680  0.05545 -0.24551
   0.45022  0.05580 -0.25003
   0.44364  0.05613 -0.25349
   0.43706  0.05645 -0.25666
   0.43049  0.05676 -0.26101
   0.42393  0.05705 -0.26471
   0.41736  0.05734 -0.26873
   0.41081  0.05761 -0.27214
   0.40426  0.05787 -0.27638
   0.39771  0.05811 -0.28017
   0.39117  0.05835 -0.28425
   0.38464  0.05857 -0.28731
   0.37811  0.05877 -0.29200
   0.37159  0.05896 -0.29567
   0.36508  0.05914 -0.29906
   0.35857  0.05930 -0.30279
   0.35207  0.05944 -0.30718
   0.34558  0.05957 -0.31074
   0.33909  0.05969 -0.31437
   0.33262  0.05979 -0.31833
   0.32615  0.05987 -0.32141
   0.31969  0.05993 -0.32630
   0.31324  0.05998 -0.32993
   0.30680  0.06001 -0.33299
   0.30037  0.06002 -0.33670
   0.29395  0.06001 -0.34020
   0.28754  0.05998 -0.34425
   0.28114  0.05994 -0.34768
   0.27476  0.05987 -0.35172
   0.26839  0.05978 -0.35414
   0.26203  0.05968 -0.35856
   0.25568  0.05955 -0.36168
   0.24935  0.05940 -0.36479
   0.24303  0.05922 -0.36834
   0.23674  0.05903 -0.37117
   0.23045  0.05881 -0.37546
   0.22419  0.05856 -0.37790
   0.21794  0.05830 -0.38121
   0.21172  0.05800 -0.38368
   0.20552  0.05768 -0.38759
   0.19934  0.05734 -0.38861
   0.19319  0.05696 -0.39288
   0.18706  0.05656 -0.39452
   0.18096  0.05614 -0.39789
   0.17489  0.05568 -0.39958
   0.16886  0.05519 -0.40182
   0.16287  0.05468 -0.40381
   0.15691  0.05413 -0.40607
   0.15100  0.05355 -0.40772
   0.14514  0.05294 -0.40803
   0.13934  0.05230 -0.41046
   0.13359  0.05163 -0.41178
   0.12791  0.05093 -0.41140
   0.12231  0.05020 -0.41261
   0.11679  0.04943 -0.41313
   0.11136  0.04864 -0.41224
   0.10603  0.04781 -0.41215
   0.10081  0.04696 -0.41123
   0.09572  0.04609 -0.41042
   0.09076  0.04519 -0.40779
   0.08595  0.04427 -0.40718
   0.08129  0.04334 -0.40298
   0.07680  0.04239 -0.40008
   0.07249  0.04144 -0.39683
   0.06835  0.04047 -0.39198
   0.06440  0.03951 -0.38816
   0.06064  0.03854 -0.38156
   0.05706  0.03758 -0.37690
   0.05367  0.03663 -0.36828
   0.05046  0.03568 -0.36276
   0.04742  0.03475 -0.35335
   0.04454  0.03383 -0.34590
   0.04183  0.03291 -0.33527
   0.03927  0.03202 -0.32652
   0.03685  0.03113 -0.31535
   0.03456  0.03026 -0.30216
   0.03240  0.02940 -0.29213
   0.03036  0.02856 -0.27624
   0.02843  0.02772 -0.26366
   0.02660  0.02690 -0.24572
   0.02487  0.02609 -0.23458
   0.02323  0.02528 -0.21349
   0.02168  0.02449 -0.19471
   0.02020  0.02371 -0.17531
   0.01880  0.02293 -0.15507
   0.01747  0.02216 -0.13373
   0.01620  0.02139 -0.10707
   0.01500  0.02063 -0.08232
   0.01385  0.01988 -0.05594
   0.01277  0.01913 -0.02944
   0.01173  0.01838  0.00868
   0.01075  0.01763  0.03593
   0.00982  0.01689  0.07393
   0.00893  0.01614  0.10829
   0.00809  0.01540  0.14844
   0.00730  0.01465  0.19164
   0.00655  0.01391  0.23480
   0.00584  0.01316  0.28059
   0.00517  0.01241  0.32846
   0.00455  0.01166  0.38037
   0.00396  0.01091  0.43035
   0.00342  0.01016  0.48740
   0.00292  0.00940  0.53912
   0.00246  0.00864  0.59814
   0.00203  0.00788  0.64694
   0.00165  0.00712  0.70647
   0.00131  0.00636  0.75702
   0.00101  0.00559  0.80760
   0.00075  0.00483  0.85059
   0.00053  0.00407  0.89225
   0.00035  0.00332  0.92805
   0.00021  0.00257  0.95522
   0.00011  0.00182  0.97784
   0.00004  0.00109  0.99225
   0.00000  0.00036  0.99907
   0.00000 -0.00036  0.99922
   0.00004 -0.00109  0.99152
   0.00011 -0.00182  0.97813
   0.00021 -0.00257  0.95614
   0.00035 -0.00332  0.92708
   0.00053 -0.00407  0.89139
   0.00075 -0.00483  0.85399
   0.00101 -0.00559  0.80525
   0.00131 -0.00636  0.75758
   0.00165 -0.00712  0.70457
   0.00203 -0.00788  0.65244
   0.00246 -0.00864  0.59247
   0.00292 -0.00940  0.54299
   0.00342 -0.01016  0.48431
   0.00396 -0.01091  0.43175
   0.00455 -0.01166  0.38129
   0.00517 -0.01241  0.32865
   0.00584 -0.01316  0.28236
   0.00655 -0.01391  0.23409
   0.00730 -0.01465  0.18899
   0.00809 -0.01540  0.15170
   0.00893 -0.01614  0.10902
   0.00982 -0.01689  0.07223
   0.01075 -0.01763  0.03665
   0.01173 -0.01838  0.00326
   0.01277 -0.01913 -0.02392
   0.01385 -0.01988 -0.05585
   0.01500 -0.02063 -0.08312
   0.01620 -0.02139 -0.10866
   0.01747 -0.02216 -0.13050
   0.01880 -0.02293 -0.15466
   0.02020 -0.02371 -0.17750
   0.02168 -0.02449 -0.19494
   0.02323 -0.02528 -0.21367
   0.02487 -0.02609 -0.22983
   0.02660 -0.02690 -0.24963
   0.02843 -0.02772 -0.26152
   0.03036 -0.02856 -0.27806
   0.03240 -0.02940 -0.29119
   0.03456 -0.03026 -0.30265
   0.03685 -0.03113 -0.31422
   0.03927 -0.03202 -0.32591
   0.04183 -0.03291 -0.33650
   0.04454 -0.03383 -0.34485
   0.04742 -0.03475 -0.35389
   0.05046 -0.03568 -0.36167
   0.05367 -0.03663 -0.36986
   0.05706 -0.03758 -0.37563
   0.06064 -0.03854 -0.38263
   0.06440 -0.03951 -0.38705
   0.06835 -0.04047 -0.39264
   0.07249 -0.04144 -0.39599
   0.07680 -0.04239 -0.40006
   0.08129 -0.04334 -0.40403
   0.08595 -0.04427 -0.40574
   0.09076 -0.04519 -0.40903
   0.09572 -0.04609 -0.40943
   0.10081 -0.04696 -0.41126
   0.10603 -0.04781 -0.41158
   0.11136 -0.04864 -0.41274
   0.11679 -0.04943 -0.41259
   0.12231 -0.05020 -0.41255
   0.12791 -0.05093 -0.41172
   0.13359 -0.05163 -0.41136
   0.13934 -0.05230 -0.41087
   0.14514 -0.05294 -0.40813
   0.15100 -0.05355 -0.40775
   0.15691 -0.05413 -0.40594
   0.16287 -0.05468 -0.40305
   0.16886 -0.05519 -0.40261
   0.17489 -0.05568 -0.39883
   0.18096 -0.05614 -0.39827
   0.18706 -0.05656 -0.39427
   0.19319 -0.05696 -0.39269
   0.19934 -0.05734 -0.38890
   0.20552 -0.05768 -0.38774
   0.21172 -0.05800 -0.38338
   0.21794 -0.05830 -0.38065
   0.22419 -0.05856 -0.37869
   0.23045 -0.05881 -0.37413
   0.23673 -0.05903 -0.37177
   0.24303 -0.05922 -0.36832
   0.24935 -0.05940 -0.36562
   0.25568 -0.05955 -0.36096
   0.26203 -0.05968 -0.35880
   0.26839 -0.05978 -0.35389
   0.27476 -0.05987 -0.35176
   0.28114 -0.05994 -0.34733
   0.28754 -0.05998 -0.34410
   0.29395 -0.06001 -0.34049
   0.30037 -0.06002 -0.33727
   0.30680 -0.06001 -0.33309
   0.31324 -0.05998 -0.32933
   0.31969 -0.05993 -0.32498
   0.32615 -0.05987 -0.32276
   0.33262 -0.05979 -0.31793
   0.33909 -0.05969 -0.31416
   0.34558 -0.05957 -0.31124
   0.35207 -0.05944 -0.30673
   0.35857 -0.05930 -0.30309
   0.36508 -0.05914 -0.29926
   0.37159 -0.05896 -0.29505
   0.37811 -0.05877 -0.29166
   0.38464 -0.05857 -0.28735
   0.39117 -0.05835 -0.28411
   0.39771 -0.05811 -0.28043
   0.40426 -0.05787 -0.27630
   0.41081 -0.05761 -0.27168
   0.41736 -0.05734 -0.26904
   0.42393 -0.05705 -0.26441
   0.43049 -0.05676 -0.26160
   0.43706 -0.05645 -0.25682
   0.44364 -0.05613 -0.25313
   0.45022 -0.05580 -0.24913
   0.45680 -0.05545 -0.24627
   0.46339 -0.05510 -0.24119
   0.46999 -0.05473 -0.23846
   0.47658 -0.05436 -0.23380
   0.48318 -0.05397 -0.23009
   0.48979 -0.05357 -0.22738
   0.49640 -0.05317 -0.22234
   0.50301 -0.05275 -0.21914
   0.50962 -0.05232 -0.21521
   0.51624 -0.05189 -0.21203
   0.52286 -0.05144 -0.20745
   0.52948 -0.05099 -0.20390
   0.53611 -0.05052 -0.20048
   0.54274 -0.05005 -0.19623
   0.54937 -0.04957 -0.19322
   0.55600 -0.04908 -0.18861
   0.56264 -0.04858 -0.18606
   0.56928 -0.04808 -0.18090
   0.57592 -0.04756 -0.17794
   0.58256 -0.04704 -0.17470
   0.58921 -0.04651 -0.17012
   0.59585 -0.04597 -0.16689
   0.60250 -0.04543 -0.16288
   0.60915 -0.04488 -0.15933
   0.61580 -0.04431 -0.15564
   0.62245 -0.04375 -0.15187
   0.62911 -0.04317 -0.14793
   0.63576 -0.04259 -0.14542
   0.64242 -0.04200 -0.13977
   0.64908 -0.04141 -0.13761
   0.65574 -0.04081 -0.13300
   0.66240 -0.04020 -0.12903
   0.66906 -0.03958 -0.12646
   0.67572 -0.03896 -0.12111
   0.68238 -0.03833 -0.11945
   0.68904 -0.03770 -0.11359
   0.69570 -0.03706 -0.11106
   0.70237 -0.03641 -0.10650
   0.70903 -0.03575 -0.10249
   0.71570 -0.03509 -0.09936
   0.72236 -0.03443 -0.09481
   0.72902 -0.03376 -0.09114
   0.73569 -0.03308 -0.08761
   0.74235 -0.03240 -0.08197
   0.74902 -0.03171 -0.07975
   0.75568 -0.03101 -0.07426
   0.76234 -0.03031 -0.07092
   0.76901 -0.02960 -0.06696
   0.77567 -0.02889 -0.06127
   0.78233 -0.02817 -0.05871
   0.78899 -0.02744 -0.05280
   0.79566 -0.02671 -0.04965
   0.80231 -0.02597 -0.04356
   0.80897 -0.02523 -0.04015
   0.81563 -0.02448 -0.03517
   0.82229 -0.02373 -0.03029
   0.82894 -0.02297 -0.02453
   0.83560 -0.02220 -0.02103
   0.84225 -0.02143 -0.01464
   0.84890 -0.02066 -0.01014
   0.85554 -0.01987 -0.00435
   0.86218 -0.01908  0.00282
   0.86882 -0.01829  0.00652
   0.87545 -0.01749  0.01284
   0.88208 -0.01669  0.02085
   0.88869 -0.01588  0.02559
   0.89529 -0.01506  0.03326
   0.90188 -0.01424  0.03992
   0.90844 -0.01342  0.04764
   0.91498 -0.01260  0.05581
   0.92148 -0.01177  0.06329
   0.92794 -0.01094  0.07272
   0.93433 -0.01012  0.08166
   0.94065 -0.00929  0.09114
   0.94686 -0.00848  0.10203
   0.95295 -0.00767  0.11420
   0.95889 -0.00689  0.12478
   0.96464 -0.00612  0.13869
   0.97017 -0.00537  0.15371
   0.97546 -0.00465  0.16885
   0.98047 -0.00397  0.18771
   0.98520 -0.00332  0.20735
   0.98963 -0.00271  0.23344
   0.99376 -0.00213  0.26506
   0.99760 -0.00160  0.31527
   1.00000 -0.00126  0.42375
