NACA 0005                                       
 Alfa =   3.00000 Re =        0.000 Xflap,Yflap =     0.000000    0.000000
#    x        y        Cp  
   1.00000  0.00053  0.23018
   0.99789  0.00065  0.14731
   0.99388  0.00088  0.11628
   0.98908  0.00116  0.09216
   0.98393  0.00146  0.07784
   0.97866  0.00176  0.06287
   0.97335  0.00206  0.05600
   0.96804  0.00236  0.04899
   0.96272  0.00266  0.04063
   0.95740  0.00295  0.03035
   0.95208  0.00325  0.02910
   0.94676  0.00354  0.01781
   0.94144  0.00383  0.01742
   0.93612  0.00412  0.00810
   0.93080  0.00440  0.00419
   0.92548  0.00469  0.00189
   0.92016  0.00497 -0.00110
   0.91484  0.00526 -0.00961
   0.90952  0.00554 -0.00958
   0.90420  0.00581 -0.01795
   0.89888  0.00609 -0.01583
   0.89356  0.00637 -0.02092
   0.88824  0.00664 -0.02632
   0.88292  0.00691 -0.02790
   0.87760  0.00718 -0.02867
   0.87228  0.00745 -0.03904
   0.86695  0.00771 -0.03443
   0.86163  0.00798 -0.04299
   0.85631  0.00824 -0.04224
   0.85099  0.00850 -0.04641
   0.84567  0.00876 -0.05230
   0.84034  0.00902 -0.04941
   0.83502  0.00928 -0.05596
   0.82970  0.00953 -0.05567
   0.82438  0.00979 -0.06191
   0.81905  0.01004 -0.06173
   0.81373  0.01029 -0.06309
   0.80841  0.01054 -0.06931
   0.80309  0.01079 -0.07019
   0.79776  0.01103 -0.07207
   0.79244  0.01128 -0.07617
   0.78712  0.01152 -0.07665
   0.78179  0.01176 -0.07815
   0.77647  0.01200 -0.08327
   0.77115  0.01224 -0.08132
   0.76582  0.01247 -0.08829
   0.76050  0.01271 -0.08948
   0.75518  0.01294 -0.09136
   0.74985  0.01317 -0.09247
   0.74453  0.01340 -0.09668
   0.73921  0.01363 -0.09715
   0.73388  0.01386 -0.09975
   0.72856  0.01409 -0.10445
   0.72324  0.01431 -0.10515
   0.71791  0.01453 -0.10506
   0.71259  0.01475 -0.11135
   0.70727  0.01497 -0.11065
   0.70194  0.01519 -0.11532
   0.69662  0.01540 -0.11283
   0.69129  0.01562 -0.11904
   0.68597  0.01583 -0.12217
   0.68065  0.01604 -0.12200
   0.67532  0.01625 -0.12599
   0.67000  0.01646 -0.12512
   0.66467  0.01666 -0.13029
   0.65935  0.01687 -0.13009
   0.65403  0.01707 -0.13477
   0.64870  0.01727 -0.13560
   0.64338  0.01747 -0.13806
   0.63805  0.01766 -0.14044
   0.63273  0.01786 -0.14232
   0.62741  0.01805 -0.14590
   0.62208  0.01824 -0.14629
   0.61676  0.01843 -0.14986
   0.61144  0.01862 -0.15017
   0.60611  0.01880 -0.15551
   0.60079  0.01899 -0.15504
   0.59546  0.01917 -0.15999
   0.59014  0.01935 -0.15882
   0.58482  0.01953 -0.16553
   0.57949  0.01970 -0.16208
   0.57417  0.01987 -0.16856
   0.56885  0.02005 -0.17176
   0.56352  0.02022 -0.17137
   0.55820  0.02038 -0.17372
   0.55288  0.02055 -0.17712
   0.54755  0.02071 -0.17999
   0.54223  0.02087 -0.18133
   0.53691  0.02103 -0.18485
   0.53158  0.02118 -0.18586
   0.52626  0.02134 -0.18949
   0.52094  0.02149 -0.19108
   0.51562  0.02164 -0.19457
   0.51029  0.02178 -0.19609
   0.50497  0.02193 -0.19789
   0.49965  0.02207 -0.20180
   0.49433  0.02221 -0.20466
   0.48900  0.02234 -0.20540
   0.48368  0.02248 -0.21024
   0.47836  0.02261 -0.21088
   0.47304  0.02273 -0.21512
   0.46772  0.02286 -0.21550
   0.46240  0.02298 -0.21978
   0.45707  0.02310 -0.22237
   0.45175  0.02322 -0.22498
   0.44643  0.02333 -0.22781
   0.44111  0.02344 -0.22937
   0.43579  0.02355 -0.23374
   0.43047  0.02365 -0.23595
   0.42515  0.02375 -0.23802
   0.41983  0.02385 -0.24163
   0.41451  0.02394 -0.24456
   0.40919  0.02403 -0.24718
   0.40387  0.02412 -0.25046
   0.39855  0.02420 -0.25288
   0.39323  0.02428 -0.25787
   0.38791  0.02436 -0.25808
   0.38260  0.02443 -0.26199
   0.37728  0.02450 -0.26539
   0.37196  0.02456 -0.26888
   0.36664  0.02462 -0.26989
   0.36132  0.02468 -0.27626
   0.35601  0.02473 -0.27797
   0.35069  0.02478 -0.28124
   0.34538  0.02482 -0.28474
   0.34006  0.02486 -0.28767
   0.33474  0.02490 -0.29061
   0.32943  0.02493 -0.29598
   0.32411  0.02495 -0.29970
   0.31880  0.02497 -0.29895
   0.31349  0.02499 -0.30612
   0.30817  0.02500 -0.30908
   0.30286  0.02501 -0.31269
   0.29755  0.02501 -0.31613
   0.29224  0.02500 -0.32043
   0.28692  0.02499 -0.32367
   0.28161  0.02498 -0.32900
   0.27630  0.02495 -0.33168
   0.27099  0.02493 -0.33639
   0.26569  0.02489 -0.34000
   0.26038  0.02485 -0.34542
   0.25507  0.02481 -0.34836
   0.24976  0.02475 -0.35350
   0.24446  0.02469 -0.35773
   0.23915  0.02463 -0.36183
   0.23385  0.02455 -0.36690
   0.22855  0.02447 -0.37297
   0.22324  0.02439 -0.37589
   0.21794  0.02429 -0.38260
   0.21264  0.02419 -0.38578
   0.20734  0.02407 -0.39241
   0.20205  0.02396 -0.39872
   0.19675  0.02383 -0.40201
   0.19146  0.02369 -0.41014
   0.18616  0.02354 -0.41478
   0.18087  0.02339 -0.42085
   0.17558  0.02322 -0.42768
   0.17030  0.02305 -0.43355
   0.16501  0.02286 -0.44038
   0.15973  0.02266 -0.44784
   0.15445  0.02246 -0.45489
   0.14917  0.02224 -0.46276
   0.14389  0.02200 -0.47098
   0.13862  0.02176 -0.47787
   0.13335  0.02150 -0.48774
   0.12808  0.02123 -0.49584
   0.12282  0.02094 -0.50658
   0.11757  0.02064 -0.51581
   0.11231  0.02033 -0.52734
   0.10707  0.01999 -0.53737
   0.10182  0.01964 -0.55094
   0.09659  0.01927 -0.56254
   0.09136  0.01888 -0.57657
   0.08615  0.01846 -0.59193
   0.08094  0.01803 -0.60760
   0.07574  0.01757 -0.62599
   0.07056  0.01708 -0.64514
   0.06539  0.01656 -0.66598
   0.06024  0.01602 -0.69037
   0.05511  0.01543 -0.71635
   0.05002  0.01481 -0.74701
   0.04495  0.01415 -0.78121
   0.03993  0.01344 -0.82250
   0.03498  0.01268 -0.86973
   0.03010  0.01185 -0.92655
   0.02535  0.01096 -0.99759
   0.02080  0.01001 -1.08446
   0.01657  0.00901 -1.19107
   0.01284  0.00799 -1.32751
   0.00977  0.00702 -1.47859
   0.00735  0.00613 -1.65354
   0.00550  0.00533 -1.83684
   0.00407  0.00460 -2.03007
   0.00294  0.00393 -2.22943
   0.00205  0.00330 -2.42145
   0.00135  0.00269 -2.60016
   0.00080  0.00208 -2.68880
   0.00040  0.00148 -2.64939
   0.00014  0.00087 -2.32582
   0.00001  0.00028 -1.75581
   0.00001 -0.00028 -1.01507
   0.00014 -0.00087 -0.26159
   0.00040 -0.00148  0.33357
   0.00080 -0.00208  0.71961
   0.00135 -0.00269  0.91449
   0.00205 -0.00330  0.99106
   0.00294 -0.00393  0.99540
   0.00407 -0.00460  0.95790
   0.00550 -0.00533  0.89567
   0.00736 -0.00613  0.81998
   0.00977 -0.00702  0.73781
   0.01284 -0.00799  0.65519
   0.01657 -0.00901  0.57860
   0.02080 -0.01001  0.51323
   0.02535 -0.01096  0.45857
   0.03010 -0.01185  0.41297
   0.03498 -0.01268  0.37560
   0.03993 -0.01344  0.34285
   0.04495 -0.01415  0.31681
   0.05002 -0.01481  0.29238
   0.05511 -0.01543  0.27109
   0.06024 -0.01602  0.25407
   0.06539 -0.01656  0.23699
   0.07056 -0.01708  0.22299
   0.07574 -0.01757  0.20941
   0.08094 -0.01803  0.19755
   0.08615 -0.01846  0.18628
   0.09136 -0.01888  0.17677
   0.09659 -0.01927  0.16684
   0.10182 -0.01964  0.15983
   0.10707 -0.01999  0.15143
   0.11231 -0.02033  0.14324
   0.11757 -0.02064  0.13699
   0.12282 -0.02094  0.13057
   0.12808 -0.02123  0.12560
   0.13335 -0.02150  0.11838
   0.13862 -0.02176  0.11439
   0.14389 -0.02200  0.10949
   0.14917 -0.02224  0.10373
   0.15445 -0.02246  0.10079
   0.15973 -0.02266  0.09553
   0.16501 -0.02286  0.09181
   0.17030 -0.02305  0.08887
   0.17558 -0.02322  0.08462
   0.18087 -0.02339  0.08269
   0.18616 -0.02354  0.07781
   0.19146 -0.02369  0.07588
   0.19675 -0.02383  0.07309
   0.20205 -0.02396  0.07003
   0.20734 -0.02407  0.06795
   0.21264 -0.02419  0.06485
   0.21794 -0.02429  0.06272
   0.22324 -0.02439  0.06125
   0.22855 -0.02447  0.05863
   0.23385 -0.02455  0.05669
   0.23915 -0.02463  0.05559
   0.24446 -0.02469  0.05270
   0.24976 -0.02475  0.05035
   0.25507 -0.02481  0.05023
   0.26038 -0.02485  0.04804
   0.26569 -0.02489  0.04701
   0.27099 -0.02493  0.04562
   0.27630 -0.02495  0.04377
   0.28161 -0.02498  0.04211
   0.28692 -0.02499  0.04106
   0.29224 -0.02500  0.04063
   0.29755 -0.02501  0.03829
   0.30286 -0.02501  0.03808
   0.30817 -0.02500  0.03703
   0.31349 -0.02499  0.03531
   0.31880 -0.02497  0.03597
   0.32411 -0.02495  0.03377
   0.32943 -0.02493  0.03375
   0.33474 -0.02490  0.03233
   0.34006 -0.02486  0.03077
   0.34537 -0.02482  0.03174
   0.35069 -0.02478  0.03012
   0.35601 -0.02473  0.02994
   0.36132 -0.02468  0.02811
   0.36664 -0.02462  0.02881
   0.37196 -0.02456  0.02834
   0.37728 -0.02450  0.02703
   0.38260 -0.02443  0.02583
   0.38791 -0.02436  0.02731
   0.39323 -0.02428  0.02533
   0.39855 -0.02420  0.02467
   0.40387 -0.02412  0.02602
   0.40919 -0.02403  0.02455
   0.41451 -0.02394  0.02342
   0.41983 -0.02385  0.02390
   0.42515 -0.02375  0.02441
   0.43047 -0.02365  0.02254
   0.43579 -0.02355  0.02363
   0.44111 -0.02344  0.02163
   0.44643 -0.02333  0.02426
   0.45175 -0.02322  0.02209
   0.45707 -0.02310  0.02105
   0.46240 -0.02298  0.02200
   0.46772 -0.02286  0.02170
   0.47304 -0.02273  0.02197
   0.47836 -0.02261  0.02223
   0.48368 -0.02248  0.02021
   0.48900 -0.02234  0.02119
   0.49433 -0.02221  0.02147
   0.49965 -0.02207  0.02189
   0.50497 -0.02193  0.01891
   0.51029 -0.02178  0.02306
   0.51562 -0.02164  0.01919
   0.52094 -0.02149  0.02085
   0.52626 -0.02134  0.02098
   0.53158 -0.02118  0.01960
   0.53691 -0.02103  0.02123
   0.54223 -0.02087  0.02152
   0.54755 -0.02071  0.02011
   0.55288 -0.02055  0.02183
   0.55820 -0.02038  0.01851
   0.56352 -0.02022  0.02289
   0.56885 -0.02005  0.02047
   0.57417 -0.01987  0.01974
   0.57949 -0.01970  0.02187
   0.58482 -0.01953  0.02140
   0.59014 -0.01935  0.02135
   0.59546 -0.01917  0.01974
   0.60079 -0.01899  0.02211
   0.60611 -0.01880  0.02222
   0.61144 -0.01862  0.01876
   0.61676 -0.01843  0.02420
   0.62208 -0.01824  0.02112
   0.62741 -0.01805  0.02206
   0.63273 -0.01786  0.02255
   0.63805 -0.01766  0.02175
   0.64338 -0.01747  0.02294
   0.64870 -0.01727  0.02174
   0.65403 -0.01707  0.02278
   0.65935 -0.01687  0.02281
   0.66467 -0.01666  0.02421
   0.67000 -0.01646  0.02329
   0.67532 -0.01625  0.02417
   0.68065 -0.01604  0.02281
   0.68597 -0.01583  0.02585
   0.69129 -0.01562  0.02209
   0.69662 -0.01540  0.02636
   0.70194 -0.01519  0.02480
   0.70727 -0.01497  0.02411
   0.71259 -0.01475  0.02809
   0.71791 -0.01453  0.02534
   0.72324 -0.01431  0.02567
   0.72856 -0.01409  0.02861
   0.73388 -0.01386  0.02527
   0.73921 -0.01363  0.02780
   0.74453 -0.01340  0.02512
   0.74985 -0.01317  0.02991
   0.75518 -0.01294  0.02841
   0.76050 -0.01271  0.02960
   0.76582 -0.01247  0.03007
   0.77115 -0.01224  0.02948
   0.77647 -0.01200  0.03219
   0.78179 -0.01176  0.02910
   0.78712 -0.01152  0.02972
   0.79244 -0.01128  0.03343
   0.79776 -0.01103  0.03198
   0.80309 -0.01079  0.03053
   0.80841 -0.01054  0.03687
   0.81373 -0.01029  0.03280
   0.81905 -0.01004  0.03287
   0.82438 -0.00979  0.03724
   0.82970 -0.00953  0.03653
   0.83502 -0.00928  0.03589
   0.84034 -0.00902  0.04023
   0.84567 -0.00876  0.03486
   0.85099 -0.00850  0.03880
   0.85631 -0.00824  0.04258
   0.86163 -0.00798  0.03909
   0.86695 -0.00771  0.03985
   0.87227 -0.00745  0.04694
   0.87760 -0.00718  0.04141
   0.88292 -0.00691  0.04885
   0.88824 -0.00664  0.04292
   0.89356 -0.00637  0.05075
   0.89888 -0.00609  0.04799
   0.90420 -0.00581  0.05044
   0.90952 -0.00554  0.05308
   0.91484 -0.00526  0.05248
   0.92016 -0.00497  0.05635
   0.92548 -0.00469  0.05758
   0.93080 -0.00440  0.05862
   0.93612 -0.00412  0.05930
   0.94144 -0.00383  0.06673
   0.94676 -0.00354  0.06574
   0.95208 -0.00325  0.07041
   0.95740 -0.00295  0.07275
   0.96272 -0.00266  0.08082
   0.96804 -0.00236  0.08124
   0.97335 -0.00206  0.08921
   0.97866 -0.00176  0.09031
   0.98393 -0.00146  0.10217
   0.98908 -0.00116  0.11413
   0.99388 -0.00088  0.12885
   0.99789 -0.00065  0.16390
   1.00000 -0.00053  0.23018
